0   
1   
2   
3   
4   
5   
6   
7   
8   
9   
10   
11   
12   
13   
14   
15   
16   
17   
18   35 
19   36 40 
20   40 
21   37 41 45 70 
22   
23   38 42 46 50 71 75 
24   39 43 72 
25   47 51 55 76 80 105 
26   
27   
28   
29   
30   
31   
32   
33   
34   
35   
36   
37   
38   
39   
40   
41   
42   
43   
44   
45   
46   
47   
48   
49   
50   
51   
52   
53   
54   
55   
56   
57   
58   35 
59   36 
60   40 
61   37 41 45 70 
62   38 45 
63   39 42 46 50 71 75 
64   39 43 47 72 76 105 
65   44 51 55 73 80 
66   44 48 52 56 73 77 81 85 106 110 
67   60 
68   49 53 57 61 74 78 82 86 90 107 111 115 140 
69   
70   
71   
72   
73   
74   
75   
76   
77   
78   
79   
80   
81   
82   
83   
84   
85   
86   
87   
88   
89   
90   
91   
92   
93   
94   
95   
96   
97   
98   35 
99   36 
100   40 
101   37 41 70 
102   38 42 45 71 
103   39 43 46 50 71 75 
104   47 72 76 105 
105   44 51 55 73 80 
106   48 52 56 77 81 85 106 110 
107   49 53 60 74 78 82 107 
108   57 61 65 86 90 111 115 140 
109   54 79 83 87 108 112 116 141 145 
110   58 62 66 91 95 120 
111   
112   
113   
114   
115   
116   
117   
118   
119   
120   
121   
122   
123   
124   
125   
126   
127   
128   
129   
130   
131   
132   
133   
134   
135   
136   
137   
138   
139   35 
140   36 37 40 
141   38 41 70 
142   39 42 45 71 
143   43 46 50 75 
144   44 47 51 72 76 105 
145   44 48 52 55 73 77 80 106 
146   49 52 56 74 78 81 85 110 
147   53 60 82 107 111 140 
148   54 57 61 65 79 86 90 108 115 
149   54 58 62 66 83 87 91 108 112 116 120 141 145 
150   95 109 
151   59 63 67 84 88 92 96 100 109 113 117 121 125 142 146 150 175 
152   
153   
154   
155   
156   
157   
158   
159   
160   
161   
162   
163   
164   
165   
166   
167   
168   
169   
170   
171   
172   
173   
174   
175   
176   
177   
178   
179   35 
180   36 37 40 
181   38 41 
182   39 42 45 70 71 
183   43 46 47 50 72 75 
184   44 47 48 51 73 76 105 
185   49 52 55 74 77 80 81 106 
186   53 56 78 85 107 110 
187   54 57 60 79 82 86 108 111 115 140 
188   54 58 61 65 83 87 90 108 109 112 141 
189   62 66 91 95 109 116 120 145 
190   59 63 84 88 92 109 113 117 121 142 146 175 
191   67 96 100 121 125 150 
192   64 89 93 97 114 118 122 126 143 147 151 155 176 180 
193   68 101 130 
194   
195   
196   
197   
198   
199   
200   
201   
202   
203   
204   
205   
206   
207   
208   
209   
210   
211   
212   
213   
214   
215   
216   
217   
218   
219   35 
220   36 37 
221   38 39 40 41 
222   42 43 45 70 71 
223   44 46 47 50 72 73 75 
224   48 49 51 73 74 76 77 105 
225   49 52 55 78 80 81 106 
226   53 54 56 57 60 79 82 85 107 110 111 
227   54 57 58 61 83 86 90 108 109 111 112 115 140 
228   62 65 84 87 109 116 141 
229   59 63 66 84 88 91 95 113 117 120 142 145 
230   63 67 92 96 114 117 121 143 146 150 175 
231   64 89 93 100 114 118 122 125 143 147 176 
232   64 68 93 97 101 122 126 130 144 147 151 155 176 180 
233   119 144 148 177 
234   69 94 98 123 127 152 156 181 185 210 
235   
236   
237   
238   
239   
240   
241   
242   
243   
244   
245   
246   
247   
248   
249   
250   
251   
252   
253   
254   
255   
256   
257   
258   
259   35 
260   36 37 
261   38 39 40 41 42 
262   42 43 44 45 46 70 71 72 
263   47 48 50 72 73 74 75 
264   49 51 76 77 80 105 
265   52 53 54 55 56 78 79 81 106 107 110 
266   54 57 60 79 82 83 85 86 108 109 111 
267   58 61 84 87 90 109 112 115 140 
268   59 62 63 65 84 88 91 113 116 120 141 142 145 
269   63 66 67 89 92 95 114 117 120 121 143 146 
270   64 67 89 93 96 118 121 125 143 147 150 175 
271   68 93 97 100 119 122 126 144 147 151 155 176 180 
272   69 94 101 119 130 144 148 155 177 
273   69 94 98 102 119 123 127 131 148 152 156 160 177 181 185 210 
274   102 131 135 160 
275   149 178 211 
276   
277   
278   
279   
280   
281   
282   
283   
284   
285   
286   
287   
288   
289   
290   
291   
292   
293   
294   
295   
296   
297   
298   
299   
300   35 36 37 38 
301   39 40 41 42 
302   43 44 45 46 70 71 72 
303   47 48 49 50 73 74 75 76 
304   51 52 53 77 78 79 80 105 106 
305   53 54 55 56 57 79 81 82 83 107 108 109 110 
306   58 60 83 84 85 86 109 111 112 140 
307   59 61 62 84 87 88 90 112 113 115 116 141 
308   63 65 66 88 89 91 92 95 114 117 118 120 142 143 145 146 
309   64 67 89 93 96 118 121 144 146 150 175 
310   68 93 94 96 97 100 119 122 125 144 147 148 150 151 176 
311   69 94 101 119 123 126 148 155 177 180 
312   69 94 98 102 123 127 130 131 148 149 152 156 177 181 185 210 
313   102 124 131 135 149 160 178 185 210 
314   99 103 124 128 132 135 149 153 157 178 182 186 211 215 
315   99 103 124 128 132 136 153 157 161 165 182 186 190 215 
316   
317   
318   
319   
320   
321   
322   
323   
324   
325   
326   
327   
328   
329   
330   
331   
332   
333   
334   
335   
336   
337   
338   
339   
340   35 36 37 38 39 
341   40 41 42 44 
342   43 44 45 46 47 70 71 72 73 74 
343   47 48 49 50 51 74 75 76 77 
344   52 53 54 55 78 79 80 81 105 106 107 108 
345   56 57 82 83 84 85 108 109 110 
346   58 59 60 61 62 84 86 87 88 111 112 113 115 140 141 
347   62 63 65 66 88 89 90 91 92 114 116 117 141 142 143 
348   64 66 67 89 92 93 95 118 120 121 144 145 146 175 
349   68 93 94 96 97 119 121 122 125 144 147 148 150 151 175 176 
350   69 94 100 123 126 151 177 180 
351   98 101 102 123 124 127 130 149 152 155 156 177 178 181 
352   99 102 124 131 153 156 160 178 185 210 
353   99 103 124 128 132 135 153 157 160 179 182 186 211 
354   103 132 136 154 157 161 165 179 186 190 215 
355   129 154 158 179 183 212 
356   104 129 133 137 154 158 162 166 170 179 183 187 191 195 212 216 220 245 
357   
358   
359   
360   
361   
362   
363   
364   
365   
366   
367   
368   
369   
370   
371   
372   
373   
374   
375   
376   
377   
378   
379   
380   35 36 37 38 39 
381   40 41 42 43 44 
382   45 46 47 48 49 70 71 72 73 74 
383   50 51 52 53 54 75 76 77 78 79 
384   55 56 80 81 82 83 105 106 107 108 109 
385   56 57 58 59 83 84 85 86 87 110 111 112 113 
386   60 61 62 63 64 87 88 89 90 113 114 115 116 117 140 141 142 143 
387   64 65 66 91 92 118 120 143 144 145 146 
388   67 68 69 93 94 95 96 97 119 120 121 122 146 147 148 149 150 175 176 
389   69 97 100 123 125 149 151 177 
390   98 99 100 101 102 124 126 127 130 149 152 153 155 177 178 179 180 181 
391   99 102 128 153 156 179 185 210 
392   103 128 129 131 132 135 154 157 160 179 182 183 185 186 211 
393   104 129 132 136 154 158 161 183 186 190 212 215 
394   104 129 133 136 158 162 165 183 187 212 216 
395   104 133 137 158 162 166 170 187 191 195 216 220 245 
396   170 184 
397   159 184 188 192 213 217 221 246 250 
398   
399   
400   
401   
402   
403   
404   
405   
406   
407   
408   
409   
410   
411   
412   
413   
414   
415   
416   
417   
418   
419   
420   35 36 37 38 39 
421   40 41 42 43 44 
422   45 46 47 48 49 70 71 72 73 74 
423   50 51 52 53 54 75 76 77 78 79 
424   55 56 57 58 59 80 81 82 83 84 105 106 107 108 109 
425   60 61 62 63 64 85 86 87 88 89 110 111 112 113 114 141 
426   64 65 66 90 91 115 116 117 118 140 141 142 143 144 
427   66 67 68 69 92 93 94 95 96 97 119 120 121 122 123 145 146 147 148 149 
428   69 96 97 98 99 123 124 149 150 151 175 176 177 178 
429   98 99 100 101 102 124 125 126 127 152 153 154 155 177 178 179 180 181 
430   102 128 130 154 156 179 182 210 
431   103 104 128 129 131 132 135 154 157 158 160 182 183 185 186 211 
432   104 129 133 135 158 161 183 186 190 212 215 
433   133 136 158 159 162 165 184 187 190 212 213 216 
434   134 137 159 162 166 184 188 191 195 213 216 220 245 
435   134 159 163 170 184 188 213 217 
436   134 138 159 163 167 171 188 192 196 213 217 221 225 246 250 
437   134 138 163 167 171 196 200 225 
438   
439   
440   
441   
442   
443   
444   
445   
446   
447   
448   
449   
450   
451   
452   
453   
454   
455   
456   
457   
458   
459   
460   35 36 37 38 39 
461   40 41 42 43 44 
462   45 46 47 48 49 70 71 72 73 74 
463   50 51 52 53 54 56 57 58 59 75 76 77 78 79 80 81 82 83 84 105 106 107 108 109 
464   55 56 57 58 60 61 62 63 64 80 81 82 83 84 85 86 87 88 89 107 110 111 112 113 114 
465   63 64 65 66 69 115 116 140 141 142 143 144 
466   65 66 67 68 69 90 91 92 93 94 97 117 118 119 120 121 122 123 124 145 146 147 148 149 
467   95 96 97 98 99 122 123 124 148 149 150 175 176 177 178 179 
468   99 100 101 102 125 126 127 128 129 150 151 152 153 154 177 178 179 180 
469   101 102 103 104 128 129 130 155 156 180 181 182 183 210 
470   103 104 129 130 131 132 133 157 158 159 160 182 183 184 185 186 210 211 212 
471   104 133 134 135 158 159 161 184 186 187 190 212 213 215 
472   133 134 136 137 159 161 162 165 184 187 188 190 191 213 214 216 
473   134 137 138 159 163 166 188 191 192 195 214 216 217 220 245 
474   138 163 170 192 195 214 217 246 
475   138 167 170 171 189 192 196 214 218 221 225 246 250 
476   164 171 189 193 200 214 218 222 225 247 
477   139 164 168 189 193 214 218 222 247 251 
478   0 139 164 168 172 189 193 197 201 205 218 222 226 230 247 251 255 
479   
480   
481   
482   
483   
484   
485   
486   
487   
488   
489   
490   
491   
492   
493   
494   
495   
496   
497   
498   
499   
500   37 39 
501   35 36 38 40 41 42 43 44 
502   45 46 47 48 49 50 51 52 53 54 70 71 72 73 74 76 77 78 79 
503   55 56 57 58 59 60 61 63 64 75 76 80 81 82 83 84 89 105 106 107 108 109 
504   60 61 62 63 64 65 66 69 85 86 87 88 110 111 112 113 114 
505   65 66 67 68 69 90 91 92 93 94 97 98 99 115 116 117 118 119 122 123 124 140 141 142 143 144 145 147 
506   95 96 97 98 99 120 121 122 123 124 145 146 147 148 149 175 178 
507   100 101 102 103 104 125 126 127 128 129 150 151 152 153 154 175 176 177 178 179 
508   100 101 102 103 104 129 130 131 155 156 157 180 181 182 183 184 
509   130 131 132 133 134 156 157 158 159 160 182 183 184 185 186 187 210 211 212 213 
510   133 134 135 136 159 161 187 188 213 214 215 
511   136 137 138 162 163 165 187 188 189 190 191 213 214 216 217 
512   138 163 164 166 167 189 191 192 195 217 218 220 245 246 
513   139 164 167 170 189 195 218 221 246 
514   139 164 167 168 170 171 189 193 196 218 221 222 225 247 250 
515   139 164 168 171 193 197 200 219 222 225 247 251 
516   0 139 168 172 197 219 226 251 
517   0 172 197 201 205 219 226 230 248 255 
518   1 219 248 252 
519   
520   
521   
522   
523   
524   
525   
526   
527   
528   
529   
530   
531   
532   
533   
534   
535   
536   
537   
538   
539   
540   
541   35 36 37 38 39 40 41 42 43 44 45 46 47 48 49 
542   45 46 50 51 52 53 54 55 56 57 58 59 70 71 72 73 74 75 76 77 78 79 84 
543   60 61 62 63 64 65 66 69 80 81 82 83 84 86 87 88 89 105 106 107 108 109 114 
544   65 66 67 68 69 85 86 90 91 92 93 94 97 98 99 110 111 112 113 114 115 116 117 118 119 124 140 141 142 143 144 
545   95 96 97 98 99 101 102 104 120 121 122 123 124 140 145 146 147 148 149 
546   100 101 102 103 104 125 126 127 128 129 150 151 152 153 154 175 176 177 178 179 
547   101 104 130 131 132 133 134 155 156 157 158 159 180 181 182 183 184 
548   130 131 132 133 134 155 156 157 158 159 160 161 162 182 185 186 187 188 189 210 211 212 213 214 
549   135 136 137 138 139 161 162 163 164 188 189 213 214 215 
550   136 137 138 139 162 163 164 165 166 189 190 191 192 215 216 217 218 219 
551   138 139 164 166 167 168 191 192 193 195 217 218 219 220 221 245 246 247 
552   139 167 168 170 193 194 195 196 219 221 247 250 
553   168 170 171 193 194 196 197 200 219 222 225 247 248 250 251 
554   0 168 169 172 194 197 200 219 222 223 225 226 248 251 
555   0 169 172 194 201 223 226 248 255 
556   1 169 194 198 201 205 223 227 230 248 252 255 
557   1 5 169 173 194 198 202 223 227 231 248 252 256 
558   5 169 173 194 198 202 206 223 227 231 235 256 260 
559   
560   
561   
562   
563   
564   
565   
566   
567   
568   
569   
570   
571   
572   
573   
574   
575   
576   
577   
578   
579   
580   
581   35 36 37 38 39 40 41 42 43 44 45 46 47 48 49 50 51 52 53 54 59 
582   55 56 57 58 59 60 61 62 63 64 65 66 69 70 71 72 73 74 75 76 77 78 79 82 83 84 
583   60 61 65 66 67 68 69 80 81 85 86 87 88 89 90 91 92 93 94 97 98 99 104 105 106 107 108 109 110 111 112 113 114 115 116 117 118 119 
584   95 96 97 98 100 101 102 103 104 115 116 117 118 119 120 121 122 123 124 126 127 128 140 141 142 143 144 147 148 149 
585   100 101 102 103 104 120 125 126 127 128 129 132 133 134 145 146 147 150 151 152 153 154 159 175 176 177 178 179 
586   130 131 132 133 134 139 155 156 157 158 159 175 177 178 180 181 182 183 184 
587   132 134 135 136 137 138 139 155 156 157 160 161 162 163 164 180 181 182 185 186 187 188 189 210 211 212 213 214 
588   135 136 137 138 139 163 164 210 213 214 215 216 
589   138 165 166 167 168 169 190 191 192 193 194 215 216 217 218 219 
590   166 167 168 169 193 194 195 196 220 221 222 223 245 246 247 
591   169 170 171 194 195 196 197 222 223 247 248 249 250 
592   169 170 171 172 196 197 198 200 222 223 224 225 226 248 249 250 251 252 
593   0 169 172 173 198 200 201 223 224 225 226 227 249 251 252 255 
594   0 1 173 198 199 201 224 227 230 249 252 255 
595   1 173 198 199 202 205 224 227 230 249 252 253 256 
596   1 5 173 199 202 206 224 227 231 235 249 253 256 260 
597   2 199 206 224 228 235 249 253 260 
598   2 199 206 224 228 235 249 253 257 
599   2 6 10 174 199 203 224 228 232 249 253 257 261 280 
600   
601   
602   
603   
604   
605   
606   
607   
608   
609   
610   
611   
612   
613   
614   
615   
616   
617   
618   
619   
620   
621   35 36 37 38 39 40 41 42 43 44 45 46 47 48 49 50 51 52 53 54 55 56 57 58 59 60 61 64 69 
622   55 56 60 61 62 63 64 65 66 67 68 69 70 71 72 73 74 75 76 77 78 79 80 81 82 83 84 85 86 87 88 89 90 91 92 93 94 97 98 99 103 104 105 106 107 108 109 
623   90 91 92 95 96 97 98 100 101 102 103 104 107 108 109 110 111 112 113 114 115 116 117 118 119 120 121 122 123 124 125 126 127 128 129 142 143 144 
624   120 125 126 127 128 129 130 131 132 133 134 137 138 139 140 141 142 145 146 147 148 149 150 151 152 153 154 159 
625   130 131 132 135 136 137 138 139 151 152 153 155 156 157 158 159 160 161 162 163 164 175 176 177 178 179 181 182 183 184 
626   135 136 137 138 139 155 160 161 162 163 164 165 166 167 168 169 180 181 182 185 186 187 188 189 192 193 194 210 211 212 213 214 
627   165 166 167 168 169 191 192 193 194 210 213 214 215 216 217 218 219 
628   165 166 167 168 169 172 190 191 192 193 194 195 196 197 198 199 215 216 217 218 219 221 222 223 224 247 248 249 
629   170 171 172 173 174 195 196 197 198 199 220 221 222 223 224 245 246 247 248 249 
630   170 171 172 173 174 196 197 198 199 223 224 248 249 250 251 
631   171 172 173 174 198 199 200 201 224 225 226 227 251 252 253 254 
632   0 1 173 174 199 200 201 202 226 227 228 252 253 254 255 256 
633   1 2 174 199 202 203 228 230 253 254 255 256 
634   1 2 5 174 202 203 205 206 228 230 231 253 254 256 257 
635   2 5 6 174 203 206 228 231 232 235 254 257 260 
636   2 6 174 203 207 228 232 235 254 257 261 
637   6 174 203 207 232 254 257 261 280 
638   6 10 174 203 207 232 236 240 257 261 265 280 
639   207 236 240 265 
640   
641   
642   
643   
644   
645   
646   
647   
648   
649   
650   
651   
652   
653   
654   
655   
656   
657   
658   
659   
660   
661   35 36 37 38 39 40 41 42 43 44 45 46 47 48 49 50 51 52 53 54 55 56 57 58 59 60 61 62 63 64 65 66 67 68 69 70 71 72 73 74 75 76 77 78 79 80 81 82 83 84 85 87 88 89 93 94 98 99 103 104 
662   77 78 79 80 81 82 83 84 85 86 87 88 89 90 91 92 93 94 95 96 97 98 99 100 101 102 103 104 105 106 107 108 109 110 111 112 113 114 115 116 117 118 119 120 121 122 123 124 125 126 127 128 129 130 131 132 133 134 136 137 
663   110 120 125 126 127 128 129 130 131 132 133 134 135 136 137 138 139 140 141 142 143 144 145 146 147 148 149 150 151 152 153 154 159 169 
664   135 136 137 150 151 152 153 154 155 156 157 158 159 160 161 162 163 164 165 166 167 168 169 170 171 172 175 176 177 178 179 181 182 183 184 187 188 189 
665   160 161 162 163 164 165 166 167 168 169 170 171 172 173 174 175 180 181 182 185 186 187 188 189 190 191 192 193 194 198 199 210 211 212 213 214 218 219 
666   165 170 171 172 173 174 190 191 192 193 195 196 197 198 199 210 213 214 215 216 217 218 219 
667   170 171 172 173 174 190 195 196 197 198 199 203 204 215 216 218 219 220 221 222 223 224 245 246 247 248 249 
668   170 171 172 173 174 195 196 197 198 199 200 201 202 203 204 220 221 222 223 225 226 227 228 229 245 246 247 250 251 252 253 254 
669   200 201 202 203 204 225 226 227 228 229 250 251 252 253 254 
670   0 1 2 3 4 200 201 202 203 204 225 226 227 228 229 251 252 253 254 
671   0 1 2 3 4 202 203 204 205 228 229 230 231 232 255 256 257 258 
672   2 3 4 5 203 204 205 206 229 230 231 232 256 257 258 
673   3 4 5 6 204 205 206 207 229 231 232 257 258 260 
674   3 4 6 204 206 207 229 232 233 235 257 258 260 261 
675   3 4 6 7 10 204 207 229 232 233 236 258 261 280 
676   3 4 7 10 204 229 233 236 258 265 280 
677   3 7 10 204 208 229 233 236 240 258 262 265 281 
678   3 7 11 204 208 229 233 237 240 254 258 262 281 285 
679   3 7 11 15 204 208 229 233 237 241 254 258 262 266 270 281 285 
680   
681   
682   
683   
684   
685   
686   
687   
688   
689   
690   
691   
692   
693   
694   
695   
696   
697   
698   
699   
700   35 36 40 45 58 59 62 63 64 65 66 67 68 69 
701   37 38 39 41 42 43 44 46 47 48 49 50 51 52 53 54 55 56 57 60 61 70 71 72 73 74 75 76 77 78 79 80 81 82 83 84 85 86 87 88 89 90 91 92 93 94 95 96 97 98 99 100 101 102 103 104 106 107 108 109 110 111 112 113 114 115 116 117 118 119 120 121 122 123 124 125 126 127 128 129 130 131 132 133 134 135 136 137 138 139 
702   105 106 110 111 115 128 129 130 131 132 133 134 135 136 137 138 139 140 141 142 143 144 145 146 147 148 149 150 151 164 168 169 173 174 
703   142 143 145 146 147 148 149 150 151 152 153 154 155 156 157 158 159 160 161 162 163 164 165 166 167 168 169 170 171 172 173 174 175 176 177 178 179 180 181 182 183 184 185 186 187 188 189 190 191 192 193 194 195 196 197 198 199 200 201 202 
704   170 171 172 173 174 175 176 180 181 182 185 186 187 188 189 190 191 192 193 194 195 196 197 198 199 200 201 202 203 204 205 206 207 208 209 210 211 212 213 214 215 216 217 218 219 223 224 
705   195 196 197 200 201 202 203 204 205 206 207 208 209 210 213 214 215 216 217 218 219 220 221 222 223 224 246 
706   195 200 201 202 203 204 205 206 207 208 209 220 221 222 223 224 225 226 227 228 229 233 234 245 246 247 248 249 252 253 254 
707   200 201 202 203 205 206 207 208 209 225 226 227 228 229 230 231 232 233 234 245 246 250 251 252 253 254 258 259 
708   0 1 2 3 4 205 206 207 208 209 230 231 232 233 234 250 255 256 257 258 259 
709   0 1 2 3 4 205 206 207 208 209 230 231 232 233 234 255 256 257 258 259 
710   0 5 6 7 8 205 206 207 208 209 230 231 232 233 234 255 256 257 258 259 260 
711   5 6 7 8 9 205 206 207 208 209 232 233 234 235 236 259 260 261 262 
712   6 7 8 9 207 208 209 233 234 235 236 259 260 261 262 280 
713   7 8 10 207 208 209 233 234 235 236 237 259 261 262 280 281 
714   7 8 10 11 208 209 234 236 237 259 262 265 280 281 
715   8 11 208 209 234 237 240 259 262 265 266 281 
716   8 11 208 234 237 240 259 262 266 281 285 
717   4 8 11 15 208 234 237 241 259 266 270 285 
718   4 8 15 234 241 259 266 270 282 285 
719   4 282 
720   
721   
722   
723   
724   
725   
726   
727   
728   
729   
730   
731   
732   
733   
734   
735   
736   
737   
738   
739   
740   
741   105 174 
742   140 141 142 143 144 145 146 147 148 149 150 151 152 153 154 155 156 157 158 159 160 161 162 163 164 165 166 167 168 169 170 171 172 173 175 176 177 178 179 180 181 182 183 184 185 186 187 188 189 190 191 192 193 194 195 196 197 198 199 200 201 202 203 204 205 206 207 208 209 218 219 222 223 224 225 226 227 228 229 230 231 232 233 235 236 237 238 240 241 242 
743   175 176 180 181 185 186 190 191 194 195 196 197 198 199 200 201 202 203 204 205 206 207 208 209 210 211 212 213 214 215 216 217 218 219 220 221 222 223 224 225 226 227 228 229 230 231 232 233 234 235 236 237 238 239 240 241 242 243 244 
744   210 215 218 219 220 221 222 223 224 225 226 227 228 229 230 231 232 233 234 235 236 237 238 239 240 241 242 243 244 245 246 247 248 249 250 
745   220 225 226 227 228 229 230 231 232 233 234 235 236 237 238 239 240 241 242 243 244 245 246 247 248 249 250 251 252 253 254 255 256 257 258 259 263 264 
746   1 2 3 4 230 231 232 233 234 235 236 237 238 239 240 241 242 243 244 250 251 252 253 255 256 257 258 259 260 261 262 263 264 
747   0 1 2 3 4 5 6 7 8 9 235 236 237 238 239 241 243 244 255 256 257 260 261 262 263 264 
748   2 5 6 7 8 9 235 236 237 238 239 260 261 262 263 264 
749   5 6 7 8 9 235 236 237 238 239 260 261 262 263 264 280 
750   5 6 8 9 10 11 12 235 236 237 238 239 260 261 262 263 264 265 280 281 282 283 284 
751   10 11 12 13 235 237 238 239 263 264 265 266 280 281 282 283 284 
752   10 11 12 13 237 238 239 240 263 264 265 266 281 282 283 284 
753   9 11 12 237 238 239 240 241 263 264 265 266 267 281 282 283 285 
754   9 12 15 238 239 240 241 263 264 266 267 282 283 285 
755   9 12 15 238 241 263 264 267 282 283 285 286 
756   9 12 15 209 238 241 263 264 267 270 282 283 286 
757   9 12 16 209 238 242 263 267 270 282 286 315 
758   12 16 209 234 238 242 263 267 271 282 286 290 315 
759   8 12 16 20 209 234 238 242 259 263 267 271 275 286 290 315 
760   
761   
762   
763   
764   
765   
766   
767   
768   
769   
770   
771   
772   
773   
774   
775   
776   
777   
778   
779   
780   
781   
782   15 16 17 20 22 23 24 26 27 28 29 30 31 32 33 34 210 211 212 213 214 215 216 217 220 221 234 239 243 244 245 246 247 248 249 250 251 252 253 254 255 256 257 258 259 260 261 262 263 264 265 266 267 268 269 270 271 272 273 274 275 276 277 278 279 
783   0 1 2 3 4 5 6 7 8 9 10 11 12 13 14 17 18 19 21 25 245 246 247 248 249 250 251 252 253 254 255 256 257 258 259 260 261 262 263 264 265 266 267 268 269 270 271 272 273 274 275 276 277 278 279 
784   0 1 2 3 4 5 6 7 8 9 10 11 12 13 14 17 18 19 247 251 252 253 254 255 256 257 258 259 260 261 262 263 264 265 266 267 268 269 270 271 272 273 274 275 276 277 278 279 
785   0 1 2 3 4 5 6 7 8 9 10 11 12 13 14 17 18 19 255 260 261 262 263 264 265 266 267 268 269 270 271 272 273 274 275 276 277 278 279 
786   0 1 5 6 7 8 9 10 11 12 13 14 17 18 19 265 266 267 268 269 270 271 272 273 274 277 278 279 282 283 284 
787   5 8 10 11 12 13 14 17 18 19 240 242 265 266 267 268 269 270 271 272 273 274 280 281 282 283 284 
788   10 11 12 13 14 17 18 19 240 241 242 243 244 265 266 267 268 269 270 271 272 273 274 280 281 282 283 284 
789   10 11 12 13 14 17 18 19 240 241 242 243 244 265 266 267 268 269 272 273 274 280 281 282 283 284 287 288 289 
790   13 14 15 16 17 240 241 242 243 244 265 266 267 268 269 285 286 287 288 289 
791   14 15 16 17 240 241 242 243 244 266 267 268 269 285 286 287 288 289 
792   14 15 16 17 241 242 243 244 267 268 269 270 285 286 287 288 
793   13 14 15 16 17 242 243 267 268 269 270 271 284 286 287 315 
794   13 14 16 17 242 243 268 270 271 284 286 287 290 315 
795   13 16 17 20 239 242 243 268 270 271 284 287 290 315 
796   13 16 17 20 239 242 243 268 271 284 287 290 315 
797   13 17 20 239 264 268 271 275 283 287 290 316 
798   9 13 17 20 239 264 268 275 283 287 316 
799   9 13 17 239 264 268 275 283 287 291 316 320 
800   
801   
802   
803   
804   
805   
806   
807   
808   
809   
810   
811   
812   
813   
814   
815   
816   
817   
818   
819   
820   
821   
822   0 1 2 3 4 5 6 7 8 10 11 12 14 18 19 280 281 282 283 284 285 286 287 288 289 290 291 292 293 294 295 296 297 298 299 300 301 302 303 304 305 306 307 308 309 310 311 312 313 314 315 316 320 325 338 339 342 343 344 345 346 347 348 349 
823   9 13 15 16 20 21 22 23 24 25 26 27 28 29 30 31 32 33 34 280 281 282 283 284 285 286 287 288 289 290 291 292 293 294 295 296 297 298 299 300 301 302 303 304 305 306 307 308 309 310 311 312 313 314 
824   15 16 20 21 22 23 24 25 26 27 28 29 30 31 32 33 34 280 281 282 283 284 285 286 287 288 289 290 291 292 293 294 295 296 297 298 299 300 301 302 303 304 305 306 307 308 312 
825   15 16 20 21 22 23 24 25 26 27 28 29 30 31 32 33 34 280 281 282 283 284 285 286 287 288 289 290 291 292 293 294 295 296 297 298 299 304 
826   15 16 20 21 22 23 24 25 26 27 28 29 33 34 275 276 277 280 281 282 285 286 287 288 289 290 291 292 293 294 
827   15 16 20 21 22 23 24 26 29 275 276 277 278 279 285 286 287 288 289 290 291 292 293 294 317 319 
828   15 16 20 21 22 23 24 275 276 277 278 279 285 286 287 288 289 290 291 292 293 294 315 316 317 318 319 
829   15 16 20 21 22 23 24 270 271 272 275 276 277 278 279 285 286 287 290 291 292 293 294 315 316 317 318 319 
830   18 19 20 21 270 271 272 273 274 290 291 292 293 294 315 316 317 318 319 
831   18 19 20 270 271 272 273 274 290 291 292 293 315 316 317 318 319 
832   18 19 20 271 272 273 274 289 290 291 292 315 316 317 318 
833   18 19 20 21 244 272 273 275 288 289 290 291 292 316 317 
834   18 20 21 244 269 272 273 275 288 289 291 316 317 
835   14 18 21 244 269 272 275 288 289 291 316 317 320 
836   14 18 21 244 269 272 275 288 291 316 317 320 
837   14 21 243 269 272 276 284 288 291 295 320 
838   14 21 25 243 272 276 284 291 295 320 
839   21 25 239 243 268 272 276 284 291 295 320 
840   
841   
842   
843   
844   
845   
846   
847   
848   
849   
850   
851   
852   
853   
854   
855   
856   
857   
858   
859   
860   
861   385 454 
862   317 318 319 321 322 323 324 326 327 328 329 330 331 332 333 334 335 336 337 340 341 350 351 352 353 354 355 356 357 358 359 360 361 362 363 364 365 366 367 368 369 370 371 372 373 374 375 376 377 378 379 380 381 382 383 384 386 387 388 389 390 391 392 393 394 395 396 397 398 399 400 401 402 403 404 405 406 407 408 409 410 411 412 413 414 415 416 417 418 419 
863   315 316 317 318 319 320 321 322 323 324 325 326 327 328 329 330 331 332 333 334 335 336 337 338 339 340 341 342 343 344 345 346 347 348 349 350 351 352 353 354 355 356 357 358 359 360 361 362 363 364 365 367 368 369 373 374 378 379 383 384 
864   309 310 311 312 313 314 315 316 317 318 319 320 321 322 323 324 325 326 327 328 329 330 331 332 333 334 335 336 337 338 339 340 341 344 349 
865   295 296 300 301 302 303 304 305 306 307 308 309 310 311 312 313 314 315 316 317 318 319 320 321 322 323 324 325 326 327 328 329 330 331 332 333 334 339 
866   30 31 32 33 295 296 297 298 299 300 301 302 303 304 306 307 308 309 315 316 317 318 319 320 321 322 323 324 325 326 327 328 329 
867   25 26 27 28 29 30 31 32 33 34 295 296 297 298 299 302 303 304 315 316 318 320 321 322 323 324 
868   25 26 27 28 29 32 295 296 297 298 299 320 321 322 323 324 
869   25 26 27 28 29 279 295 296 297 298 299 320 321 322 323 324 
870   22 23 24 25 26 28 29 275 276 277 278 279 294 295 296 297 298 299 320 321 322 323 324 
871   21 22 23 24 275 276 277 278 279 293 294 295 296 320 321 322 324 
872   21 22 23 24 275 276 277 278 293 294 295 296 319 320 321 322 
873   22 23 25 274 276 277 278 292 293 294 295 296 318 319 320 321 322 
874   19 22 25 274 276 277 292 293 295 296 318 319 320 321 
875   19 22 25 273 274 276 277 292 295 296 318 321 
876   19 22 25 273 276 277 289 292 295 296 318 321 350 
877   18 22 25 244 273 277 289 292 296 317 321 350 
878   18 22 244 269 273 277 288 292 296 317 321 325 350 
879   14 18 22 26 244 269 273 284 288 292 296 300 317 321 325 350 
880   
881   
882   
883   
884   
885   
886   
887   
888   
889   
890   
891   
892   
893   
894   
895   
896   
897   
898   
899   
900   490 491 492 493 494 495 496 497 500 501 514 519 523 524 
901   420 421 422 423 424 425 426 427 428 429 430 431 432 433 434 435 436 437 438 439 440 441 442 443 444 445 446 447 448 449 450 451 452 453 455 456 457 458 459 460 461 462 463 464 465 466 467 468 469 470 471 472 473 474 475 476 477 478 479 480 481 482 483 484 485 486 487 488 489 498 499 502 503 504 505 506 507 508 509 510 511 512 513 515 516 517 518 520 521 522 
902   385 386 390 391 395 408 409 410 411 412 413 414 415 416 417 418 419 420 421 422 423 424 425 426 427 428 429 430 431 444 448 449 453 454 
903   357 358 359 360 361 362 363 364 365 366 367 368 369 370 371 372 373 374 375 376 377 378 379 380 381 382 383 384 385 386 387 388 389 390 391 392 393 394 395 396 397 398 399 400 401 402 403 404 405 406 407 408 409 410 411 412 413 414 416 417 
904   335 336 340 341 342 343 344 345 346 347 348 349 350 351 352 353 354 355 356 357 358 359 360 361 362 363 364 365 366 367 368 369 370 371 372 373 374 377 378 379 383 384 385 386 387 388 389 
905   313 335 336 337 338 339 340 341 342 343 344 345 346 349 350 351 352 353 354 355 356 357 358 359 362 363 364 
906   305 306 307 310 311 312 313 314 325 326 330 331 332 333 334 335 336 337 338 339 350 351 352 353 354 355 356 357 358 359 364 
907   300 301 305 306 307 308 309 313 314 325 326 327 328 329 330 331 332 333 334 350 351 352 353 354 356 357 358 359 
908   30 31 32 33 34 300 301 302 303 304 309 325 326 327 328 329 350 351 352 353 354 
909   30 31 32 33 34 300 301 302 303 304 325 326 327 328 329 350 351 352 353 354 
910   26 27 28 29 34 299 300 301 302 303 304 325 326 327 328 329 350 351 352 353 354 
911   25 26 27 28 29 297 298 299 300 323 324 325 326 327 350 351 352 353 354 
912   25 26 27 28 279 297 298 299 300 323 324 325 326 350 351 352 
913   24 26 27 278 279 297 298 300 322 323 324 325 326 350 351 352 
914   23 24 26 27 278 279 294 297 300 322 323 325 350 351 
915   23 26 278 293 294 297 300 319 322 325 350 351 
916   23 26 274 278 293 297 300 319 322 325 351 
917   19 23 26 30 274 289 293 300 318 322 325 351 
918   19 26 30 274 277 289 293 300 318 325 
919   30 277 
920   
921   
922   
923   
924   
925   
926   
927   
928   
929   
930   
931   
932   
933   
934   
935   
936   
937   
938   
939   
940   
941   455 456 460 461 465 466 470 471 472 474 475 476 477 478 479 480 481 482 483 484 485 486 487 488 489 490 491 492 493 494 495 496 497 498 499 500 501 502 503 504 505 506 507 508 509 510 511 512 513 514 515 516 517 518 519 520 521 522 523 524 
942   422 423 425 426 427 428 429 430 431 432 433 434 435 436 437 438 439 440 441 442 443 444 445 446 447 448 449 450 451 452 453 454 455 456 457 458 459 460 461 462 463 464 465 466 467 468 469 470 471 472 473 474 475 476 477 478 479 480 481 482 
943   390 400 405 406 407 408 409 410 411 412 413 414 415 416 417 418 419 420 421 422 423 424 425 426 427 428 429 430 431 432 433 434 439 449 
944   370 371 372 375 376 377 378 380 381 382 383 384 387 388 389 390 391 392 393 394 395 396 397 398 399 400 401 402 403 404 405 406 407 408 409 422 423 424 
945   340 341 345 346 347 348 349 360 361 365 366 367 368 369 370 371 372 373 374 377 378 379 384 385 386 387 388 389 390 391 392 393 394 395 396 397 398 399 
946   340 341 342 343 344 345 346 349 360 361 362 363 364 366 367 368 369 385 386 387 388 389 394 
947   310 311 312 313 314 335 336 337 338 339 340 341 343 344 355 356 360 361 362 363 364 369 385 386 387 388 389 
948   305 306 307 308 309 312 313 314 330 331 332 333 334 336 337 338 339 355 356 357 358 359 360 361 362 363 364 385 386 387 388 389 
949   305 306 307 308 309 330 331 332 333 334 355 356 357 358 359 
950   30 31 32 33 34 305 306 307 308 330 331 332 333 334 355 356 357 358 359 
951   30 31 32 33 34 301 302 303 304 327 328 329 330 331 354 355 356 357 
952   29 30 31 32 301 302 303 327 328 329 330 353 354 355 356 
953   28 29 30 31 299 301 302 327 328 330 352 353 354 355 
954   28 30 31 298 299 301 302 324 326 327 330 352 353 355 
955   24 27 28 30 31 279 298 301 323 326 327 330 352 355 
956   24 27 30 31 279 294 301 323 326 330 355 
957   24 27 31 278 294 297 301 319 323 326 330 351 355 
958   23 27 31 274 278 297 301 305 319 322 326 330 351 355 
959   19 23 27 31 274 278 289 293 297 301 305 318 322 326 330 351 355 
960   
961   
962   
963   
964   
965   
966   
967   
968   
969   
970   
971   
972   
973   
974   
975   
976   
977   
978   
979   
980   
981   490 495 498 499 500 501 502 503 504 505 506 507 508 509 510 511 512 513 514 515 516 517 518 519 520 521 522 523 524 
982   450 451 452 453 454 455 456 460 461 462 465 466 467 468 469 470 471 472 473 474 475 476 477 478 479 480 481 482 483 484 485 486 487 488 489 490 491 492 493 494 495 496 497 498 499 503 504 
983   415 416 417 430 431 432 433 434 435 436 437 438 439 440 441 442 443 444 445 446 447 448 449 450 451 452 455 456 457 458 459 461 462 463 464 467 468 469 
984   400 405 406 407 408 409 410 411 412 413 414 417 418 419 420 421 422 425 426 427 428 429 430 431 432 433 434 439 
985   375 376 377 378 380 381 382 383 384 395 396 397 398 399 400 401 402 403 404 406 407 408 420 421 422 423 424 427 428 429 
986   345 346 347 348 349 365 366 370 371 372 373 374 377 378 379 390 391 392 393 394 395 396 397 398 399 404 420 421 422 423 424 
987   340 341 342 343 344 345 346 349 365 366 367 368 390 391 392 393 394 
988   310 311 312 335 336 337 338 340 341 342 343 344 360 361 362 363 364 365 366 367 368 369 387 390 391 392 393 394 
989   310 311 312 313 314 335 336 337 338 339 360 361 362 363 364 385 386 387 388 389 
990   308 309 310 311 335 336 360 361 362 363 385 386 387 388 389 
991   305 306 307 308 332 333 334 335 358 359 360 361 385 386 387 388 
992   33 34 303 304 305 306 307 331 332 333 357 358 359 360 385 386 
993   32 33 303 304 305 306 329 331 356 357 360 385 
994   29 32 33 302 303 305 306 328 329 331 353 354 356 357 385 
995   28 29 32 299 302 305 324 327 328 331 353 356 385 
996   28 32 298 302 305 324 327 331 352 356 385 
997   28 279 298 302 305 327 352 356 385 
998   24 28 279 294 298 302 319 323 327 352 356 385 
999   294 319 323 352 
1000   
1001   
1002   
1003   
1004   
1005   
1006   
1007   
1008   
1009   
1010   
1011   
1012   
1013   
1014   
1015   
1016   
1017   
1018   
1019   
1020   
1021   500 505 506 507 508 509 510 511 512 513 514 515 516 517 518 519 520 521 522 523 524 
1022   475 476 477 480 481 482 483 484 485 486 487 488 489 490 493 494 495 496 497 498 499 500 501 502 503 504 
1023   440 441 442 443 444 445 446 447 448 449 450 451 452 453 454 455 460 461 462 465 466 467 468 469 470 471 472 473 474 478 479 490 491 492 493 494 498 499 
1024   410 411 412 415 416 417 418 419 431 432 433 435 436 437 438 439 440 441 442 443 444 455 456 457 458 459 461 462 463 464 
1025   380 381 382 383 384 400 405 406 407 408 409 412 413 414 425 426 427 430 431 432 433 434 439 455 456 457 458 459 
1026   375 376 377 378 379 381 382 384 400 401 402 403 404 420 425 426 427 428 429 
1027   345 346 347 348 349 370 371 372 373 374 377 378 379 395 396 397 398 399 402 403 404 420 421 422 423 424 425 427 
1028   343 344 345 346 349 395 396 420 421 422 423 424 
1029   340 341 342 343 344 365 366 367 368 369 390 391 392 393 394 421 
1030   312 313 314 336 337 338 339 363 364 365 366 367 390 391 392 393 
1031   309 310 311 312 336 337 362 363 364 365 388 389 390 
1032   307 308 309 310 311 333 334 335 336 337 359 361 362 363 387 388 389 390 
1033   34 304 307 308 310 332 333 334 335 336 358 359 361 386 387 390 
1034   33 34 304 307 310 329 332 335 358 360 361 386 
1035   33 303 306 307 310 329 332 335 354 357 360 361 386 
1036   29 33 299 303 306 310 324 328 332 335 353 357 360 386 
1037   32 299 306 310 324 331 335 353 360 
1038   32 302 306 310 324 331 335 353 360 
1039   24 28 32 279 298 302 306 310 327 331 335 356 360 385 
1040   
1041   
1042   
1043   
1044   
1045   
1046   
1047   
1048   
1049   
1050   
1051   
1052   
1053   
1054   
1055   
1056   
1057   
1058   
1059   
1060   
1061   510 511 512 513 514 515 516 517 518 519 520 521 522 523 524 
1062   475 480 481 482 483 484 485 486 487 488 489 500 501 502 503 504 505 506 507 508 509 513 514 
1063   445 450 451 452 453 454 470 471 472 473 475 476 477 478 479 490 493 494 495 496 497 498 499 
1064   415 416 417 418 419 435 440 441 442 443 444 445 446 447 448 449 460 461 462 465 466 467 468 469 473 474 490 491 492 493 494 
1065   410 411 412 413 414 419 435 436 437 438 439 455 457 458 460 461 462 463 464 
1066   380 381 382 383 384 405 406 407 408 409 430 431 432 433 434 455 456 457 458 459 
1067   375 376 377 378 379 400 401 402 403 404 425 426 427 428 429 455 458 
1068   345 346 347 348 349 370 371 372 373 374 377 397 398 399 400 401 402 403 404 425 426 427 428 429 
1069   344 345 346 370 371 395 396 397 398 420 421 422 423 424 
1070   340 341 342 343 344 367 368 369 370 393 394 395 396 397 420 421 422 423 
1071   312 313 314 338 339 340 341 342 364 366 367 368 391 392 393 395 420 421 
1072   309 312 338 340 363 364 365 366 389 391 392 420 
1073   308 309 311 312 334 337 340 359 362 363 365 366 388 389 391 
1074   34 308 311 333 334 336 337 340 359 362 365 387 390 391 
1075   34 304 311 333 336 358 365 387 390 
1076   33 304 307 311 329 332 336 354 358 361 365 390 
1077   29 33 303 307 311 328 332 336 357 361 365 386 390 
1078   29 299 303 324 328 332 336 353 357 361 365 386 390 
1079   
1080   
1081   
1082   
1083   
1084   
1085   
1086   
1087   
1088   
1089   
1090   
1091   
1092   
1093   
1094   
1095   
1096   
1097   
1098   
1099   
1100   520 522 
1101   515 516 517 518 519 521 523 524 
1102   480 481 482 483 485 486 487 488 489 505 506 507 508 509 510 511 512 513 514 
1103   450 451 452 453 454 470 475 476 477 478 479 483 484 495 496 498 499 500 501 502 503 504 
1104   445 446 447 448 449 471 472 473 474 490 493 494 495 496 497 498 499 
1105   412 414 415 416 417 418 419 435 436 437 440 441 442 443 444 460 461 462 465 466 467 468 469 490 491 492 493 494 
1106   381 384 410 411 412 413 414 435 436 437 438 439 460 461 462 463 464 
1107   380 381 382 383 384 405 406 407 408 409 430 431 432 433 434 455 456 457 458 459 
1108   375 376 377 378 379 402 403 404 428 429 430 455 456 457 458 459 
1109   346 347 348 349 372 373 374 375 376 377 399 400 401 402 403 425 426 427 428 429 
1110   344 345 346 371 372 398 400 423 424 425 426 
1111   342 343 345 346 368 369 370 371 372 394 396 397 421 422 423 
1112   313 314 339 341 342 364 367 368 370 392 393 395 396 421 
1113   313 338 341 364 367 370 389 392 395 420 
1114   309 312 334 337 338 341 363 366 370 388 389 391 392 395 420 
1115   308 312 334 337 340 359 362 366 388 391 395 420 
1116   34 308 333 340 362 387 391 420 
1117   34 304 311 329 333 340 354 358 362 387 
1118   33 307 311 340 
1119   
1120   
1121   
1122   
1123   
1124   
1125   
1126   
1127   
1128   
1129   
1130   
1131   
1132   
1133   
1134   
1135   
1136   
1137   
1138   
1139   
1140   520 521 522 523 524 
1141   515 516 517 518 519 
1142   485 486 487 488 489 510 511 512 513 514 
1143   450 451 452 453 454 475 476 477 478 479 480 481 482 483 484 500 501 502 503 505 506 507 508 509 
1144   445 446 447 448 449 452 470 471 472 473 474 475 476 477 478 479 495 496 497 498 499 501 502 503 504 
1145   415 416 417 418 419 443 444 490 493 494 495 496 
1146   410 411 412 413 414 435 436 437 438 439 440 441 442 462 465 466 467 468 469 490 491 492 493 494 
1147   380 381 382 383 384 409 410 411 435 436 437 460 461 462 463 464 
1148   379 380 381 382 405 406 407 408 409 430 431 432 433 434 457 458 459 460 
1149   349 376 377 378 379 403 404 429 430 431 455 456 457 458 
1150   347 348 349 373 374 375 376 377 399 400 401 402 426 427 428 429 430 455 456 
1151   344 346 347 369 372 373 375 398 400 401 424 425 426 455 
1152   343 345 346 368 369 371 372 375 394 397 398 400 422 423 425 426 
1153   314 339 342 343 345 364 368 371 393 396 400 421 422 425 
1154   313 342 345 364 367 389 396 421 
1155   309 313 334 338 341 345 363 367 370 388 389 392 421 
1156   312 334 337 341 345 359 366 370 388 395 
1157   308 312 337 341 345 366 370 391 395 420 
1158   34 304 308 312 329 333 337 341 354 358 362 366 370 387 391 395 420 
1159   
1160   
1161   
1162   
1163   
1164   
1165   
1166   
1167   
1168   
1169   
1170   
1171   
1172   
1173   
1174   
1175   
1176   
1177   
1178   
1179   
1180   520 521 522 523 524 
1181   515 516 517 518 519 
1182   485 486 487 488 489 510 511 512 513 514 
1183   480 481 482 483 484 505 506 507 508 509 
1184   450 451 452 453 454 475 476 477 478 479 500 501 502 503 504 
1185   418 445 446 447 448 449 470 471 472 473 474 495 496 497 498 499 
1186   415 416 417 418 419 441 442 443 444 468 469 493 494 495 
1187   410 411 412 413 414 436 437 438 439 440 462 463 464 465 466 467 490 491 492 493 
1188   381 382 383 384 408 409 410 435 436 460 461 462 463 490 
1189   378 379 380 381 382 404 405 406 407 432 433 434 435 457 458 459 460 461 
1190   349 377 380 403 405 429 431 457 
1191   348 373 374 376 377 399 401 402 405 424 427 428 430 431 455 456 
1192   344 347 369 373 376 398 401 424 426 430 455 
1193   343 346 347 369 372 375 394 397 400 401 423 426 
1194   314 339 343 346 364 368 371 375 393 397 400 422 425 
1195   342 346 371 375 389 396 400 425 
1196   309 313 334 338 342 346 363 367 371 388 392 396 400 421 425 
1197   334 359 363 367 388 392 396 421 425 
1198   
1199   
1200   
1201   
1202   
1203   
1204   
1205   
1206   
1207   
1208   
1209   
1210   
1211   
1212   
1213   
1214   
1215   
1216   
1217   
1218   
1219   
1220   520 521 522 523 524 
1221   515 516 517 518 519 
1222   485 486 487 488 489 510 511 512 513 514 
1223   480 481 482 483 484 505 506 507 508 509 
1224   450 451 452 453 454 476 477 478 479 503 504 
1225   446 447 448 449 472 473 474 475 476 500 501 502 503 
1226   416 417 418 419 442 443 444 445 446 469 470 471 472 495 496 497 498 499 
1227   413 414 415 416 439 441 467 468 493 494 495 
1228   383 384 409 410 411 412 413 437 438 439 440 462 463 464 465 466 490 491 492 
1229   382 408 410 434 436 459 462 490 
1230   378 379 380 381 382 404 406 407 410 429 432 433 435 457 458 459 460 461 
1231   349 374 380 403 406 431 457 460 
1232   348 373 374 376 377 380 399 402 405 424 427 428 430 431 456 
1233   344 347 369 373 376 398 401 405 423 427 430 455 
1234   343 347 372 376 394 397 401 423 426 430 455 
1235   314 339 343 364 368 372 389 393 397 401 422 426 455 
1236   375 389 
1237   309 313 338 342 346 371 375 400 
1238   
1239   
1240   
1241   
1242   
1243   
1244   
1245   
1246   
1247   
1248   
1249   
1250   
1251   
1252   
1253   
1254   
1255   
1256   
1257   
1258   
1259   
1260   520 521 522 523 524 
1261   515 517 518 519 
1262   485 486 487 488 489 512 513 514 515 516 
1263   482 483 484 485 508 509 510 511 512 
1264   451 452 453 454 478 479 480 481 504 505 506 507 
1265   449 450 451 474 475 476 477 502 503 
1266   418 419 444 446 447 448 471 472 473 475 497 498 499 500 501 
1267   416 417 418 442 443 445 467 468 469 470 471 493 494 496 497 
1268   384 413 414 415 438 439 441 464 466 467 470 492 493 495 
1269   383 384 408 409 411 412 415 434 437 438 440 462 463 465 466 491 
1270   379 382 408 433 436 459 465 490 
1271   378 381 382 403 404 407 410 429 432 435 436 457 458 461 
1272   349 374 381 399 403 406 428 435 457 460 
1273   348 373 377 380 399 402 406 424 427 431 435 456 460 
1274   344 369 373 380 394 398 402 405 423 427 456 
1275   347 376 380 401 405 430 
1276   314 339 343 347 364 368 372 376 380 389 393 397 401 405 422 426 430 455 
1277   
1278   
1279   
1280   
1281   
1282   
1283   
1284   
1285   
1286   
1287   
1288   
1289   
1290   
1291   
1292   
1293   
1294   
1295   
1296   
1297   
1298   
1299   
1300   521 522 523 524 
1301   517 518 519 520 
1302   487 488 489 513 514 515 516 
1303   483 484 485 486 509 510 511 512 
1304   453 454 479 480 481 482 506 507 508 
1305   449 450 451 452 476 477 478 480 502 503 504 505 506 
1306   419 447 448 450 473 474 475 476 499 501 
1307   418 443 444 446 447 469 471 472 475 497 498 500 
1308   413 414 416 417 439 441 442 445 464 467 468 470 471 493 494 496 
1309   384 409 413 415 438 441 463 466 470 492 495 
1310   383 408 409 411 412 415 434 437 440 459 462 463 465 466 491 
1311   379 382 404 411 433 436 440 458 465 490 
1312   349 374 378 382 403 407 410 411 428 429 432 436 457 461 465 490 
1313   349 374 381 399 410 424 428 435 457 
1314   344 348 373 377 381 402 406 410 424 427 431 435 456 460 
1315   344 369 373 377 394 398 402 406 423 427 431 435 456 460 
1316   
1317   
1318   
1319   
1320   
1321   
1322   
1323   
1324   
1325   
1326   
1327   
1328   
1329   
1330   
1331   
1332   
1333   
1334   
1335   
1336   
1337   
1338   
1339   524 
1340   522 523 
1341   517 518 519 520 521 
1342   487 488 489 513 514 515 516 517 
1343   484 485 486 487 509 511 512 
1344   454 479 482 483 508 510 
1345   449 452 453 478 480 481 503 504 505 506 507 
1346   448 450 451 473 474 476 477 480 499 502 505 
1347   419 444 447 450 469 472 475 498 501 
1348   414 417 418 439 443 446 468 471 475 494 496 497 500 
1349   413 416 438 439 442 445 464 467 470 492 493 496 
1350   384 409 412 416 434 438 441 463 466 470 492 495 
1351   379 383 404 408 412 415 433 437 440 459 462 466 491 
1352   382 404 411 415 429 440 458 465 490 
1353   349 374 378 382 399 403 407 411 428 432 436 440 457 461 465 490 
1354   399 424 428 457 
1355   348 381 410 
1356   
1357   
1358   
1359   
1360   
1361   
1362   
1363   
1364   
1365   
1366   
1367   
1368   
1369   
1370   
1371   
1372   
1373   
1374   
1375   
1376   
1377   
1378   
1379   524 
1380   522 523 
1381   518 519 520 521 
1382   488 489 514 516 517 
1383   484 486 487 509 512 513 515 
1384   454 482 483 485 486 508 510 511 
1385   453 478 479 481 504 507 510 
1386   448 449 452 474 477 480 499 502 503 505 506 
1387   419 444 447 448 450 451 469 473 476 498 501 502 505 
1388   418 443 450 472 475 494 497 
1389   414 417 439 442 446 464 468 471 475 493 496 500 
1390   384 409 413 416 438 442 445 463 467 492 496 
1391   383 412 416 434 437 441 445 459 466 470 495 
1392   379 383 404 408 412 415 429 433 437 458 462 466 491 495 
1393   382 411 415 440 
1394   349 374 378 403 407 432 436 461 465 490 
1395   
1396   
1397   
1398   
1399   
1400   
1401   
1402   
1403   
1404   
1405   
1406   
1407   
1408   
1409   
1410   
1411   
1412   
1413   
1414   
1415   
1416   
1417   
1418   
1419   524 
1420   519 522 523 
1421   518 521 
1422   488 489 514 517 520 
1423   484 487 509 512 513 516 
1424   454 483 486 508 511 512 515 
1425   453 478 479 482 485 504 507 510 
1426   449 452 474 481 503 506 
1427   419 444 448 451 473 477 480 499 502 505 
1428   418 447 450 451 469 472 476 494 498 501 505 
1429   414 439 443 450 464 468 493 497 
1430   384 413 417 438 442 446 450 467 471 475 496 500 
1431   409 434 438 459 463 492 
1432   379 383 404 408 412 416 433 437 441 445 462 466 470 495 
1433   429 458 491 
1434   
1435   
1436   
1437   
1438   
1439   
1440   
1441   
1442   
1443   
1444   
1445   
1446   
1447   
1448   
1449   
1450   
1451   
1452   
1453   
1454   
1455   
1456   
1457   
1458   
1459   524 
1460   519 522 523 
1461   489 518 521 
1462   488 514 517 520 
1463   484 509 513 516 
1464   454 483 487 508 512 515 
1465   453 479 482 486 504 507 511 515 
1466   449 474 478 481 485 503 507 510 
1467   419 448 452 477 499 506 
1468   444 451 469 473 480 494 498 502 505 
1469   414 418 439 443 447 451 468 472 476 493 497 501 505 
1470   450 464 
1471   384 409 413 417 434 438 442 446 450 459 463 467 471 475 492 496 500 
1472   
1473   
1474   
1475   
1476   
1477   
1478   
1479   
1480   
1481   
1482   
1483   
1484   
1485   
1486   
1487   
1488   
1489   
1490   
1491   
1492   
1493   
1494   
1495   
1496   
1497   
1498   524 
1499   523 
1500   519 
1501   489 518 522 
1502   488 514 517 521 
1503   484 488 509 513 516 520 
1504   454 483 487 512 
1505   479 486 504 508 515 
1506   449 453 474 478 482 503 507 511 
1507   452 477 481 485 499 506 510 
1508   419 444 448 469 473 494 498 502 
1509   414 418 443 447 451 472 476 480 505 
1510   439 464 468 493 497 501 
1511   
1512   
1513   
1514   
1515   
1516   
1517   
1518   
1519   
1520   
1521   
1522   
1523   
1524   
1525   
1526   
1527   
1528   
1529   
1530   
1531   
1532   
1533   
1534   
1535   
1536   
1537   
1538   524 
1539   523 
1540   519 
1541   489 514 518 522 
1542   514 521 
1543   484 488 509 513 517 520 
1544   454 483 487 512 516 520 
1545   479 486 504 508 515 
1546   449 453 474 478 482 486 503 507 511 515 
1547   499 
1548   419 444 448 452 469 473 477 481 485 498 502 506 510 
1549   
1550   
1551   
1552   
1553   
1554   
1555   
1556   
1557   
1558   
1559   
1560   
1561   
1562   
1563   
1564   
1565   
1566   
1567   
1568   
1569   
1570   
1571   
1572   
1573   
1574   
1575   
1576   
1577   
1578   524 
1579   519 523 
1580   519 
1581   489 514 518 522 
1582   
1583   484 488 509 513 517 521 
1584   487 516 520 
1585   454 479 483 504 508 512 
1586   
1587   
1588   
1589   
1590   
1591   
1592   
1593   
1594   
1595   
1596   
1597   
1598   
1599
