0   
1   
2   
3   
4   
5   
6   
7   
8   
9   
10   
11   
12   
13   
14   
15   
16   
17   
18   
19   
20   
21   
22   
23   
24   
25   
26   
27   35 
28   
29   36 40 
30   40 
31   
32   37 41 45 70 
33   
34   38 42 71 
35   46 50 75 
36   
37   39 43 47 72 76 105 
38   
39   
40   
41   
42   
43   
44   
45   
46   
47   
48   
49   
50   
51   
52   
53   
54   
55   
56   
57   
58   
59   
60   
61   
62   
63   
64   
65   
66   
67   
68   
69   
70   
71   
72   
73   
74   
75   
76   
77   
78   
79   
80   
81   
82   
83   
84   
85   
86   
87   35 
88   
89   36 
90   40 
91   
92   37 41 45 70 
93   
94   38 42 71 
95   46 50 75 
96   39 43 
97   47 51 72 76 80 105 
98   55 
99   44 73 106 
100   48 52 56 60 77 81 85 110 
101   
102   
103   
104   
105   
106   
107   
108   
109   
110   
111   
112   
113   
114   
115   
116   
117   
118   
119   
120   
121   
122   
123   
124   
125   
126   
127   
128   
129   
130   
131   
132   
133   
134   
135   
136   
137   
138   
139   
140   
141   
142   
143   
144   
145   
146   
147   35 
148   
149   36 
150   40 
151   37 
152   41 45 70 
153   38 45 
154   42 71 
155   39 46 50 75 
156   39 43 72 
157   47 51 76 80 105 
158   55 
159   44 48 52 73 77 81 106 
160   56 60 85 110 
161   
162   49 53 57 74 78 82 86 107 111 115 140 
163   61 90 
164   
165   
166   
167   
168   
169   
170   
171   
172   
173   
174   
175   
176   
177   
178   
179   
180   
181   
182   
183   
184   
185   
186   
187   
188   
189   
190   
191   
192   
193   
194   
195   
196   
197   
198   
199   
200   
201   
202   
203   
204   
205   
206   
207   
208   35 
209   36 
210   40 
211   37 
212   41 70 
213   38 45 
214   42 46 71 
215   39 50 75 
216   43 47 72 
217   51 76 80 105 
218   44 55 73 
219   48 52 77 81 106 110 
220   56 60 74 85 
221   49 74 78 107 
222   53 57 61 82 86 90 111 115 140 
223   65 
224   54 79 83 108 112 141 145 
225   
226   
227   
228   
229   
230   
231   
232   
233   
234   
235   
236   
237   
238   
239   
240   
241   
242   
243   
244   
245   
246   
247   
248   
249   
250   
251   
252   
253   
254   
255   
256   
257   
258   
259   
260   
261   
262   
263   
264   
265   
266   
267   
268   35 
269   36 
270   40 
271   37 
272   38 41 70 
273   38 45 
274   39 42 46 71 
275   43 50 75 
276   47 72 76 
277   44 51 73 80 105 
278   48 55 73 77 
279   52 56 74 81 106 110 
280   49 60 74 85 
281   49 53 78 82 107 111 140 
282   57 61 86 90 115 140 
283   65 79 108 
284   54 58 83 87 112 116 141 145 
285   58 62 66 91 95 120 
286   
287   
288   
289   
290   
291   
292   
293   
294   
295   
296   
297   
298   
299   
300   
301   
302   
303   
304   
305   
306   
307   
308   
309   
310   
311   
312   
313   
314   
315   
316   
317   
318   
319   
320   
321   
322   
323   
324   
325   
326   
327   
328   35 
329   
330   36 
331   37 40 
332   38 41 70 
333   39 42 45 
334   39 46 71 
335   43 50 72 75 
336   44 47 76 
337   51 73 80 105 
338   48 52 55 77 106 
339   49 56 74 81 110 
340   49 53 60 78 85 107 
341   57 82 86 111 140 
342   61 79 90 108 115 
343   54 58 65 79 83 87 108 112 141 
344   62 91 116 120 145 
345   66 95 109 
346   84 109 113 142 
347   59 63 67 88 92 96 100 117 121 125 146 150 175 
348   
349   
350   
351   
352   
353   
354   
355   
356   
357   
358   
359   
360   
361   
362   
363   
364   
365   
366   
367   
368   
369   
370   
371   
372   
373   
374   
375   
376   
377   
378   
379   
380   
381   
382   
383   
384   
385   
386   
387   
388   35 
389   35 
390   36 
391   37 40 
392   38 41 
393   39 42 45 70 
394   43 46 71 
395   47 50 72 75 
396   44 73 76 
397   48 51 80 105 
398   49 52 55 74 77 106 
399   56 78 81 107 110 
400   53 60 82 85 107 
401   54 57 79 86 108 111 115 140 
402   54 61 65 83 90 
403   58 62 87 112 116 141 
404   66 91 95 109 120 145 
405   59 84 88 109 113 117 142 
406   59 63 88 92 117 121 146 150 175 
407   67 96 100 125 
408   114 143 
409   89 118 147 176 180 
410   
411   
412   
413   
414   
415   
416   
417   
418   
419   
420   
421   
422   
423   
424   
425   
426   
427   
428   
429   
430   
431   
432   
433   
434   
435   
436   
437   
438   
439   
440   
441   
442   
443   
444   
445   
446   
447   
448   
449   35 
450   36 
451   37 40 
452   38 39 41 
453   42 45 70 
454   43 46 71 
455   44 47 50 72 75 
456   48 73 76 
457   48 51 74 77 80 105 
458   49 52 55 78 81 106 
459   53 56 85 107 110 
460   57 60 79 82 111 
461   54 61 83 86 108 115 140 
462   58 65 83 87 90 112 141 
463   62 84 91 109 116 145 
464   59 66 84 95 113 120 
465   63 88 92 117 142 146 
466   63 67 92 96 121 125 146 150 175 
467   100 114 143 
468   64 68 89 93 97 114 118 122 143 147 151 176 180 
469   64 68 93 97 101 122 126 130 151 155 
470   
471   
472   
473   
474   
475   
476   
477   
478   
479   
480   
481   
482   
483   
484   
485   
486   
487   
488   
489   
490   
491   
492   
493   
494   
495   
496   
497   
498   
499   
500   
501   
502   
503   
504   
505   
506   
507   
508   
509   35 
510   36 
511   37 38 40 
512   39 41 
513   42 45 70 
514   43 46 71 72 
515   44 47 50 73 75 
516   48 51 74 76 
517   49 52 77 80 105 
518   53 55 78 81 106 
519   56 79 82 85 107 110 
520   54 57 60 79 86 108 111 
521   58 61 83 109 112 115 140 
522   58 62 65 84 87 90 109 112 116 141 
523   59 66 91 113 120 145 
524   59 63 66 88 95 113 117 120 142 
525   92 114 121 146 175 
526   67 89 96 100 114 118 125 143 150 
527   64 89 93 118 122 147 176 
528   68 97 126 151 155 180 
529   101 130 144 155 
530   119 144 148 177 
531   69 94 98 123 127 152 156 181 185 210 
532   
533   
534   
535   
536   
537   
538   
539   
540   
541   
542   
543   
544   
545   
546   
547   
548   
549   
550   
551   
552   
553   
554   
555   
556   
557   
558   
559   
560   
561   
562   
563   
564   
565   
566   
567   
568   
569   35 
570   36 37 
571   38 40 
572   39 41 
573   42 43 45 70 
574   44 46 71 72 
575   47 48 50 73 75 
576   51 74 76 105 
577   49 52 55 77 78 80 106 
578   53 56 79 81 107 
579   54 57 82 85 108 110 
580   58 60 83 86 108 111 140 
581   58 61 87 90 109 112 115 
582   59 62 65 84 91 113 116 141 
583   66 88 120 142 145 
584   63 67 92 95 114 117 121 146 
585   64 67 89 96 121 143 150 175 
586   64 93 100 118 125 147 
587   68 93 97 122 126 147 151 176 180 
588   101 130 144 155 
589   94 119 123 148 177 
590   69 94 98 102 119 123 127 131 148 152 156 160 177 181 185 210 
591   102 131 135 160 
592   
593   
594   
595   
596   
597   
598   
599   
600   
601   
602   
603   
604   
605   
606   
607   
608   
609   
610   
611   
612   
613   
614   
615   
616   
617   
618   
619   
620   
621   
622   
623   
624   
625   
626   
627   
628   
629   
630   35 36 37 
631   38 39 40 
632   41 42 
633   43 45 70 71 
634   44 46 47 72 
635   48 49 50 73 74 75 
636   49 51 76 77 105 
637   52 53 55 78 80 81 106 
638   54 56 79 82 107 108 110 
639   54 57 83 85 109 111 
640   58 60 61 84 86 87 109 112 140 
641   59 62 84 87 90 113 115 141 
642   65 88 91 113 114 116 117 142 145 
643   63 66 89 92 95 114 117 120 146 
644   67 89 118 121 143 146 175 
645   64 68 93 96 118 125 147 150 
646   68 100 122 144 151 176 
647   94 97 101 119 126 144 148 151 155 180 
648   69 94 98 119 123 130 148 152 155 177 
649   69 98 127 152 181 210 
650   102 131 156 160 185 
651   124 135 149 178 
652   124 128 149 153 157 178 182 186 211 215 
653   99 103 132 161 190 
654   
655   
656   
657   
658   
659   
660   
661   
662   
663   
664   
665   
666   
667   
668   
669   
670   
671   
672   
673   
674   
675   
676   
677   
678   
679   
680   
681   
682   
683   
684   
685   
686   
687   
688   
689   
690   35 36 37 
691   38 39 
692   40 41 42 
693   43 44 45 70 71 
694   46 47 72 73 
695   48 49 50 74 75 76 
696   51 52 77 78 105 
697   53 54 55 79 80 81 106 107 
698   56 57 82 83 108 109 110 
699   57 58 60 83 84 85 86 111 
700   59 61 87 112 113 115 140 
701   62 88 90 116 141 
702   63 65 66 89 91 114 117 142 143 145 
703   64 67 89 92 95 118 120 121 143 146 
704   64 93 96 144 150 175 
705   68 97 100 119 122 125 144 147 176 
706   69 94 97 119 126 148 151 180 
707   69 94 101 123 155 177 
708   98 127 130 149 152 181 
709   102 124 127 131 149 156 160 181 185 210 
710   124 135 149 178 
711   99 124 128 153 182 211 
712   99 103 128 132 136 157 161 165 182 186 190 211 215 
713   136 165 
714   
715   
716   
717   
718   
719   
720   
721   
722   
723   
724   
725   
726   
727   
728   
729   
730   
731   
732   
733   
734   
735   
736   
737   
738   
739   
740   
741   
742   
743   
744   
745   
746   
747   
748   
749   
750   35 36 37 
751   38 39 
752   40 41 42 
753   43 44 45 70 71 
754   46 47 48 49 72 73 74 
755   50 75 76 77 
756   51 52 53 78 79 80 105 106 
757   54 55 56 81 82 107 108 
758   57 83 85 109 110 
759   58 59 60 84 86 87 111 112 
760   59 61 62 88 113 114 115 140 141 
761   63 65 88 89 90 91 114 116 117 142 
762   64 66 89 92 120 143 144 145 146 
763   67 93 95 118 119 121 144 147 175 
764   68 93 94 96 119 122 125 147 150 176 
765   69 94 97 100 148 151 
766   98 101 123 126 149 152 155 177 180 
767   98 127 130 149 152 181 
768   102 124 156 178 185 210 
769   99 124 128 131 135 153 160 178 182 185 
770   99 103 128 132 153 157 182 186 211 
771   103 132 157 161 186 190 215 
772   136 165 179 
773   154 179 183 212 
774   104 129 133 154 158 162 179 183 187 191 212 216 220 245 
775   
776   
777   
778   
779   
780   
781   
782   
783   
784   
785   
786   
787   
788   
789   
790   
791   
792   
793   
794   
795   
796   
797   
798   
799   
800   
801   
802   
803   
804   
805   
806   
807   
808   
809   
810   35 36 
811   37 38 39 
812   40 41 42 43 44 
813   44 45 70 71 72 
814   46 47 48 49 73 74 
815   50 51 75 76 77 78 79 
816   52 53 54 80 105 106 
817   55 56 57 81 82 83 84 107 108 109 
818   58 59 84 85 110 111 
819   60 61 62 86 87 88 112 113 114 140 
820   63 64 88 89 90 115 116 141 142 143 
821   64 65 66 91 92 117 118 143 145 
822   67 93 95 118 119 120 121 144 146 
823   68 94 96 122 147 148 150 175 
824   69 94 97 122 123 125 148 151 176 
825   98 100 123 126 149 177 180 
826   101 124 127 130 149 152 155 178 
827   99 102 124 127 130 153 156 178 181 
828   99 128 131 153 160 182 185 210 
829   103 128 135 157 179 211 
830   132 154 161 179 186 215 
831   129 136 154 161 165 179 183 190 212 
832   104 129 133 154 158 183 187 212 216 
833   104 129 133 158 162 187 191 216 220 245 
834   137 166 170 195 
835   
836   
837   
838   
839   
840   
841   
842   
843   
844   
845   
846   
847   
848   
849   
850   
851   
852   
853   
854   
855   
856   
857   
858   
859   
860   
861   
862   
863   
864   
865   
866   
867   
868   
869   
870   
871   35 36 37 38 39 
872   40 41 42 43 44 
873   45 46 70 71 72 73 74 
874   47 48 49 
875   50 51 52 53 75 76 77 78 79 
876   54 80 81 105 106 107 108 109 
877   55 56 57 58 59 82 83 84 108 109 110 
878   59 85 86 87 110 111 112 113 
879   60 61 62 63 88 89 114 115 140 141 142 
880   63 64 65 89 90 91 116 117 143 144 
881   66 67 92 93 118 119 120 144 145 146 
882   68 93 94 95 96 119 121 122 147 175 
883   69 94 97 123 148 149 150 176 
884   98 100 124 125 126 149 151 152 177 
885   98 99 101 124 126 127 152 153 155 178 180 181 
886   99 102 130 153 156 179 181 
887   128 131 179 182 185 210 
888   103 132 135 154 157 160 179 182 211 
889   129 132 154 161 183 186 211 215 
890   104 129 136 158 183 190 212 215 
891   104 133 158 165 187 
892   133 137 162 187 191 216 245 
893   137 162 166 170 191 195 220 245 
894   170 184 213 
895   159 184 188 192 213 217 221 246 250 
896   
897   
898   
899   
900   
901   
902   
903   
904   
905   
906   
907   
908   
909   
910   
911   
912   
913   
914   
915   
916   
917   
918   
919   
920   
921   
922   
923   
924   
925   
926   
927   
928   
929   
930   
931   35 36 37 38 39 
932   40 41 42 43 44 
933   45 46 47 48 49 70 71 72 73 74 
934   
935   50 51 52 53 54 75 76 77 78 79 
936   55 56 57 58 59 80 81 82 83 84 105 106 107 108 109 
937   59 110 111 112 113 
938   60 61 62 63 85 86 87 88 89 112 113 114 
939   64 90 115 116 117 140 141 142 143 144 
940   65 66 67 68 90 91 92 93 94 117 118 119 145 146 
941   68 69 94 95 120 121 146 147 148 
942   69 95 96 97 122 123 148 149 150 175 
943   98 123 124 125 126 151 152 176 177 
944   99 100 101 178 179 180 
945   102 127 128 130 153 154 155 179 181 
946   103 128 131 154 156 157 182 185 210 
947   103 129 132 154 157 160 183 185 186 211 
948   104 129 135 183 186 215 
949   104 133 136 158 161 190 212 
950   133 158 162 165 184 187 212 216 
951   137 159 162 166 184 191 213 216 220 245 
952   159 166 184 195 213 220 
953   134 159 170 184 188 213 
954   134 159 163 188 192 217 246 
955   134 138 163 167 192 196 221 225 246 250 
956   134 138 167 171 196 200 225 
957   
958   
959   
960   
961   
962   
963   
964   
965   
966   
967   
968   
969   
970   
971   
972   
973   
974   
975   
976   
977   
978   
979   
980   
981   
982   
983   
984   
985   
986   
987   
988   
989   
990   
991   35 36 37 38 39 
992   40 41 42 43 44 
993   45 46 47 48 49 70 71 72 73 74 
994   51 52 53 54 75 76 77 78 79 
995   50 54 108 109 
996   55 56 57 58 59 80 81 82 83 84 105 106 107 109 
997   60 61 64 85 86 87 89 110 111 112 113 114 
998   61 62 63 64 88 116 140 141 142 
999   65 66 90 91 92 93 94 115 116 117 118 119 143 144 
1000   67 68 69 94 120 121 122 145 146 147 148 
1001   95 96 97 98 120 121 122 123 124 149 175 176 
1002   98 99 124 150 151 176 177 178 
1003   99 100 101 125 126 127 152 153 154 178 179 180 
1004   102 103 127 128 153 154 155 156 181 
1005   103 129 130 131 156 182 185 210 
1006   104 129 131 132 157 183 185 211 
1007   104 132 135 158 160 161 184 186 212 
1008   133 136 158 159 161 184 187 190 212 215 
1009   133 159 162 165 184 187 190 213 216 
1010   134 137 159 191 213 245 
1011   134 159 166 188 213 220 
1012   134 163 170 188 192 195 217 
1013   138 163 167 192 217 221 246 
1014   138 167 171 192 196 200 214 221 225 250 
1015   171 200 214 
1016   214 
1017   189 218 247 
1018   
1019   
1020   
1021   
1022   
1023   
1024   
1025   
1026   
1027   
1028   
1029   
1030   
1031   
1032   
1033   
1034   
1035   
1036   
1037   
1038   
1039   
1040   
1041   
1042   
1043   
1044   
1045   
1046   
1047   
1048   
1049   
1050   
1051   35 36 37 38 39 
1052   40 41 42 43 44 
1053   45 46 47 48 49 70 71 72 73 74 
1054   50 51 52 53 54 75 76 77 78 79 
1055   56 57 58 59 80 81 82 83 84 106 107 108 109 
1056   55 62 87 88 89 105 112 
1057   60 61 62 63 64 85 86 87 88 89 110 111 112 113 114 
1058   66 67 69 90 91 92 93 115 116 117 118 119 140 141 142 143 144 
1059   65 67 68 69 93 94 146 
1060   95 96 97 99 120 121 122 123 124 145 147 148 149 
1061   97 98 99 123 124 125 150 151 152 175 176 177 
1062   100 101 125 126 127 128 151 152 153 154 178 179 
1063   101 102 103 128 129 155 180 181 
1064   104 129 130 131 156 157 182 183 184 210 
1065   104 132 157 158 160 183 184 185 186 211 
1066   133 135 158 159 160 161 184 186 212 
1067   133 134 135 136 159 187 190 213 215 
1068   134 136 137 162 165 188 190 213 214 216 
1069   134 137 162 163 165 166 188 191 214 245 
1070   138 163 166 188 192 195 214 217 220 
1071   138 163 167 170 189 192 195 214 217 221 246 
1072   138 167 189 192 196 214 221 246 250 
1073   189 196 214 218 225 250 
1074   164 171 189 200 218 
1075   139 164 189 193 218 222 247 
1076   0 139 164 168 189 193 197 218 222 226 247 251 
1077   0 139 164 168 172 193 197 201 205 222 226 230 251 255 
1078   
1079   
1080   
1081   
1082   
1083   
1084   
1085   
1086   
1087   
1088   
1089   
1090   
1091   
1092   
1093   
1094   
1095   
1096   
1097   
1098   
1099   
1100   
1101   
1102   
1103   
1104   
1105   
1106   
1107   
1108   
1109   
1110   
1111   35 36 37 38 39 
1112   40 41 42 43 44 
1113   45 46 47 48 49 53 54 70 71 72 73 74 
1114   50 51 52 75 76 77 78 79 
1115   55 56 57 58 59 80 81 82 83 84 105 106 107 108 109 
1116   60 61 62 63 64 85 86 87 88 89 110 111 112 113 114 
1117   65 68 85 93 94 115 116 119 141 142 144 
1118   65 66 67 68 69 90 91 92 94 115 117 118 140 142 143 144 
1119   95 96 97 98 99 120 121 122 123 124 145 146 147 148 149 
1120   98 99 150 176 178 179 
1121   100 101 102 104 125 126 127 128 129 150 151 152 153 154 175 177 178 179 
1122   102 103 104 127 128 129 154 155 156 180 181 182 
1123   103 104 130 155 156 157 158 159 181 182 183 184 
1124   131 132 133 158 159 184 185 210 211 
1125   133 134 135 159 160 161 186 187 212 213 
1126   134 136 161 162 187 188 213 214 215 
1127   137 162 163 165 188 189 190 191 214 216 
1128   138 163 189 191 217 245 
1129   138 164 166 189 192 195 217 220 245 246 
1130   164 167 170 189 218 221 246 
1131   139 164 167 170 196 218 221 250 
1132   139 164 171 193 196 218 225 247 
1133   139 164 168 171 193 200 222 225 247 
1134   139 168 193 197 222 247 251 
1135   0 139 168 172 197 201 226 230 251 255 
1136   172 201 205 230 255 
1137   
1138   
1139   
1140   
1141   
1142   
1143   
1144   
1145   
1146   
1147   
1148   
1149   
1150   
1151   
1152   
1153   
1154   
1155   
1156   
1157   
1158   
1159   
1160   
1161   
1162   
1163   
1164   
1165   
1166   
1167   
1168   
1169   
1170   
1171   35 36 37 38 39 
1172   40 41 42 43 44 48 49 
1173   45 46 47 50 51 52 53 54 70 71 72 73 74 
1174   55 56 57 58 59 75 76 77 78 79 
1175   55 56 60 61 62 63 64 80 81 82 83 84 87 88 89 105 106 107 108 109 
1176   60 65 66 67 68 69 85 86 94 110 111 112 113 114 
1177   65 66 67 69 90 91 92 93 115 116 117 118 119 140 141 142 143 144 
1178   95 96 97 98 99 120 122 123 124 145 146 147 148 149 
1179   95 96 97 99 121 145 147 148 149 
1180   100 101 102 103 104 125 126 127 128 129 150 151 152 153 154 175 176 177 178 179 
1181   100 101 103 129 180 181 
1182   130 131 132 134 155 156 157 158 159 180 182 183 184 
1183   131 132 133 134 157 158 159 185 210 211 212 
1184   133 134 160 161 162 185 186 187 188 189 211 212 213 214 
1185   135 136 162 163 188 189 190 214 215 216 
1186   136 137 138 163 164 189 190 191 215 216 
1187   138 139 164 165 166 191 192 217 218 220 245 
1188   139 164 166 167 192 218 220 246 
1189   139 167 170 193 195 218 219 221 246 247 
1190   139 168 171 193 196 219 221 247 250 
1191   168 171 193 200 219 222 225 247 250 
1192   168 197 200 219 222 251 
1193   0 172 194 197 219 226 248 251 255 
1194   0 172 194 201 219 226 230 248 255 
1195   194 205 219 230 248 
1196   194 205 219 223 248 
1197   1 169 194 219 223 248 252 
1198   1 5 169 194 198 202 219 223 227 231 248 252 256 260 
1199   
1200   
1201   
1202   
1203   
1204   
1205   
1206   
1207   
1208   
1209   
1210   
1211   
1212   
1213   
1214   
1215   
1216   
1217   
1218   
1219   
1220   
1221   
1222   
1223   
1224   
1225   
1226   
1227   
1228   
1229   
1230   
1231   35 36 37 38 39 
1232   40 41 42 43 44 45 46 47 48 49 
1233   50 51 52 53 54 57 58 70 71 72 73 74 77 78 79 
1234   55 56 58 59 60 61 63 64 75 76 80 81 82 83 84 109 
1235   60 61 62 66 67 68 69 85 86 87 88 89 93 105 106 107 108 112 113 114 
1236   65 67 68 90 91 92 93 94 99 110 111 115 117 118 119 144 
1237   95 96 97 98 99 116 117 121 122 123 124 140 141 142 143 144 148 149 
1238   103 104 120 121 122 123 124 128 129 145 146 147 
1239   100 101 102 103 104 125 126 127 128 129 150 151 152 153 154 175 176 177 178 179 
1240   130 131 132 134 158 180 182 183 184 
1241   130 131 132 133 134 155 156 157 158 159 180 181 182 183 184 
1242   133 185 186 210 211 212 214 
1243   135 136 160 161 162 163 164 185 186 187 188 189 213 214 
1244   135 136 137 138 139 162 163 164 189 215 
1245   137 138 139 164 165 190 191 192 216 217 218 219 
1246   139 165 166 167 191 192 193 217 218 219 245 
1247   167 168 193 195 219 220 221 246 247 
1248   168 193 194 195 196 219 221 222 247 
1249   168 170 194 196 222 225 248 250 
1250   169 171 194 197 222 225 248 251 
1251   0 169 172 194 197 200 223 248 251 
1252   0 169 172 194 223 226 248 255 
1253   169 172 198 201 223 252 255 
1254   169 198 205 223 230 252 
1255   1 169 173 198 205 223 227 252 
1256   1 5 169 173 198 202 227 231 252 256 
1257   5 173 198 202 206 227 231 235 256 260 
1258   173 206 235 
1259   
1260   
1261   
1262   
1263   
1264   
1265   
1266   
1267   
1268   
1269   
1270   
1271   
1272   
1273   
1274   
1275   
1276   
1277   
1278   
1279   
1280   
1281   
1282   
1283   
1284   
1285   
1286   
1287   
1288   
1289   
1290   
1291   35 36 37 38 39 
1292   40 41 42 43 44 45 46 47 48 49 53 54 
1293   50 51 52 55 56 57 58 59 61 62 64 70 71 72 73 74 76 77 78 79 
1294   60 61 62 63 67 68 69 75 80 81 82 83 84 87 88 89 106 107 108 109 
1295   65 66 85 86 90 91 92 93 94 97 105 110 111 112 113 114 117 118 119 
1296   95 96 97 98 99 115 116 117 118 119 123 124 141 142 143 144 
1297   100 101 102 103 104 120 121 122 129 140 145 146 147 148 149 
1298   100 101 102 104 125 126 127 128 151 152 153 154 175 177 178 179 
1299   132 133 134 150 151 155 156 157 158 159 175 176 
1300   130 131 132 133 134 155 156 157 159 180 181 182 183 184 
1301   135 136 137 139 161 162 164 185 187 188 189 210 211 212 213 214 
1302   135 136 137 138 139 160 161 162 163 164 186 187 188 189 210 212 213 
1303   137 138 139 163 191 192 215 216 217 218 
1304   165 166 167 190 191 192 193 194 216 217 218 219 
1305   166 167 168 169 193 194 220 245 246 
1306   168 169 194 195 220 221 246 247 248 
1307   169 170 194 196 222 247 248 249 250 
1308   169 170 171 196 197 222 223 248 249 250 
1309   169 171 172 197 200 223 225 249 251 
1310   0 172 198 200 223 226 249 251 252 
1311   0 173 198 201 224 226 249 252 255 
1312   1 173 198 201 224 227 230 249 252 255 
1313   1 173 202 205 224 227 230 249 256 
1314   1 5 173 202 224 227 231 249 256 
1315   5 202 206 224 231 249 256 260 
1316   206 224 235 249 260 
1317   224 249 253 
1318   2 224 249 253 
1319   
1320   
1321   
1322   
1323   
1324   
1325   
1326   
1327   
1328   
1329   
1330   
1331   
1332   
1333   
1334   
1335   
1336   
1337   
1338   
1339   
1340   
1341   
1342   
1343   
1344   
1345   
1346   
1347   
1348   
1349   
1350   
1351   35 36 37 38 39 
1352   40 41 42 43 44 45 46 47 48 49 50 51 52 53 54 57 58 59 
1353   55 56 60 61 62 63 64 65 66 67 68 69 70 71 72 73 74 75 76 77 78 79 82 83 84 
1354   65 66 67 80 81 82 85 86 87 88 89 90 91 92 93 94 98 99 105 106 107 108 109 
1355   95 96 97 98 99 100 101 103 104 110 111 112 113 114 115 116 117 118 119 
1356   95 96 100 101 102 103 104 120 121 122 123 124 125 126 127 128 129 140 141 142 143 144 147 148 149 
1357   125 126 127 128 129 133 134 145 146 150 151 152 153 154 
1358   130 131 132 133 134 139 150 157 158 159 175 176 177 178 179 
1359   130 131 135 136 137 138 139 155 156 157 158 162 163 180 181 182 183 184 
1360   135 136 137 138 139 160 161 162 163 164 186 187 188 189 210 212 213 214 
1361   135 137 138 160 163 164 185 186 194 211 214 
1362   165 166 167 168 169 190 191 192 193 194 215 216 217 218 219 
1363   165 166 167 168 169 190 193 194 215 218 219 
1364   166 167 168 169 220 245 246 247 248 249 
1365   169 170 171 195 196 197 220 221 222 223 224 245 247 248 249 
1366   170 171 172 195 196 197 198 222 223 224 249 250 
1367   171 172 197 198 223 224 225 250 251 
1368   172 173 198 199 200 224 225 226 251 252 
1369   0 173 198 199 201 224 226 227 252 253 
1370   0 1 173 199 201 202 224 227 230 253 255 
1371   1 174 199 202 227 230 253 256 
1372   174 199 202 205 228 231 253 256 
1373   5 174 199 228 231 253 260 
1374   2 5 174 199 206 228 253 260 
1375   2 174 199 206 228 235 253 
1376   2 174 199 203 228 253 257 
1377   2 6 174 199 203 228 232 257 280 
1378   6 10 174 199 203 207 228 232 257 261 280 
1379   10 174 203 207 232 236 240 261 265 
1380   
1381   
1382   
1383   
1384   
1385   
1386   
1387   
1388   
1389   
1390   
1391   
1392   
1393   
1394   
1395   
1396   
1397   
1398   
1399   
1400   
1401   
1402   
1403   
1404   
1405   
1406   
1407   
1408   
1409   
1410   
1411   35 36 37 38 39 44 
1412   40 41 42 43 45 46 47 48 49 50 51 52 53 54 55 56 57 58 59 60 61 62 63 64 65 66 67 68 69 72 73 74 
1413   67 68 70 71 75 76 77 78 79 80 81 82 83 84 86 87 88 89 94 
1414   85 86 90 91 92 93 95 96 97 98 99 100 101 102 103 104 105 106 107 108 109 110 111 112 113 114 115 116 117 118 119 124 
1415   100 102 103 115 116 120 121 122 123 124 128 129 134 141 142 143 144 
1416   125 126 127 130 131 132 133 134 139 140 145 146 147 148 149 152 153 154 
1417   130 131 132 135 136 137 138 139 150 151 152 153 154 155 156 157 158 159 175 176 177 178 179 183 184 
1418   135 136 137 138 155 156 160 161 162 163 164 180 181 182 183 184 
1419   135 160 161 162 164 168 169 180 185 186 187 188 189 211 212 214 
1420   165 166 167 168 169 185 192 193 194 210 211 212 213 214 219 
1421   165 166 167 168 169 190 191 192 193 194 215 216 217 218 219 
1422   167 174 190 191 217 224 248 
1423   170 172 173 174 195 196 197 198 199 220 221 222 223 224 245 246 247 248 249 
1424   170 171 172 173 174 195 196 197 198 199 220 221 222 223 224 246 
1425   170 171 172 173 174 198 199 225 250 251 252 
1426   173 174 199 225 226 227 250 251 252 253 
1427   173 174 199 200 201 226 227 228 252 253 254 
1428   0 1 174 201 202 227 228 253 254 255 
1429   1 174 202 203 228 230 254 255 256 
1430   2 174 203 205 228 254 256 
1431   2 5 203 205 228 231 254 
1432   2 5 203 206 231 254 257 260 
1433   2 203 206 235 254 257 
1434   6 203 232 235 254 257 
1435   6 203 207 232 254 257 261 280 
1436   6 10 207 232 236 254 261 280 
1437   10 207 236 240 261 265 
1438   236 240 265 
1439   
1440   
1441   
1442   
1443   
1444   
1445   
1446   
1447   
1448   
1449   
1450   
1451   
1452   
1453   
1454   
1455   
1456   
1457   
1458   
1459   
1460   
1461   
1462   
1463   
1464   
1465   
1466   
1467   
1468   
1469   
1470   
1471   35 36 37 38 39 40 41 42 43 44 45 46 47 48 49 54 64 69 
1472   50 51 52 53 55 56 57 58 59 60 61 62 63 65 66 67 68 69 70 71 72 73 74 76 77 78 79 80 81 82 83 84 85 87 88 89 93 94 
1473   75 76 80 85 86 90 91 92 93 94 95 96 97 98 99 100 101 102 103 104 106 107 
1474   100 105 108 109 110 111 112 113 114 115 116 117 118 119 120 121 122 123 124 125 126 127 128 129 130 131 132 
1475   120 125 126 127 128 129 130 131 132 133 134 135 136 137 138 139 140 141 142 143 144 145 146 147 148 149 150 151 152 153 154 159 
1476   135 136 137 138 145 150 151 155 156 157 158 159 163 164 176 177 179 
1477   160 161 162 163 164 165 166 167 168 169 175 176 178 179 180 181 182 183 184 
1478   160 161 162 165 166 167 168 169 174 182 185 186 187 188 189 192 193 194 213 214 
1479   165 166 167 171 172 173 174 186 190 191 192 193 194 210 211 212 213 217 218 219 
1480   170 171 172 173 174 190 191 195 196 197 198 199 215 216 217 218 219 223 224 
1481   170 171 172 173 174 195 196 197 198 199 220 221 222 223 224 245 247 249 
1482   170 171 172 173 195 196 197 198 199 220 221 222 223 245 246 247 248 249 
1483   170 171 225 229 251 
1484   200 201 202 203 204 225 226 227 228 229 250 251 252 253 254 
1485   200 201 202 203 204 226 227 228 229 253 254 
1486   0 1 200 201 202 203 204 228 229 254 255 
1487   0 1 2 3 202 203 204 229 255 256 
1488   2 3 203 204 205 229 230 231 256 257 
1489   2 3 5 204 205 206 229 230 231 257 
1490   3 5 204 206 229 231 232 257 258 
1491   3 6 204 206 229 232 235 257 258 260 
1492   3 6 204 207 229 232 235 258 260 261 280 
1493   3 6 204 207 229 232 258 261 280 
1494   3 10 204 207 229 236 258 261 280 
1495   3 10 204 229 236 258 265 
1496   3 7 204 229 240 258 265 
1497   3 7 204 229 233 240 254 258 281 
1498   3 7 204 229 233 254 258 262 281 
1499   3 7 11 204 229 233 254 258 262 281 285 
1500   
1501   
1502   
1503   
1504   
1505   
1506   
1507   
1508   
1509   
1510   
1511   
1512   
1513   
1514   
1515   
1516   
1517   
1518   
1519   
1520   
1521   
1522   
1523   
1524   
1525   
1526   
1527   
1528   
1529   
1530   
1531   35 36 37 38 39 40 41 42 43 44 45 46 47 48 49 50 51 52 53 54 55 56 57 58 59 60 61 62 63 64 65 66 67 68 69 
1532   70 71 72 73 74 75 76 77 78 79 80 81 82 83 84 85 86 87 88 89 90 91 92 93 94 95 96 97 98 99 100 101 102 103 104 
1533   101 102 105 106 107 108 109 110 111 112 113 114 115 116 117 118 119 120 121 122 123 124 125 126 127 128 129 130 131 132 133 134 136 137 138 139 
1534   130 133 134 135 136 137 138 139 140 141 142 143 144 145 146 149 
1535   147 148 149 150 151 152 153 154 155 156 157 158 159 160 161 162 163 164 165 166 167 168 169 170 171 174 179 
1536   155 160 161 162 163 164 165 166 167 168 169 170 171 172 173 174 175 176 177 178 179 180 181 182 183 184 186 187 188 189 192 193 194 
1537   170 171 172 173 174 180 181 185 186 187 188 189 190 191 192 193 194 197 198 199 212 213 214 
1538   170 171 172 173 190 191 195 196 197 198 199 204 210 211 212 216 217 218 219 
1539   170 195 196 197 198 199 203 204 215 216 218 219 220 221 223 224 
1540   200 201 202 203 204 220 221 222 223 224 246 247 248 249 
1541   200 201 202 203 204 227 228 229 245 246 247 248 254 
1542   200 201 202 203 204 225 226 227 228 229 250 251 252 253 254 
1543   200 201 202 203 204 225 226 227 228 250 252 253 254 
1544   0 1 2 3 4 255 
1545   0 1 2 3 4 230 231 232 255 256 257 258 259 
1546   2 3 4 205 206 230 231 232 233 256 257 258 259 
1547   4 5 205 206 207 230 231 232 233 257 258 259 
1548   4 5 6 206 207 232 233 258 259 260 
1549   4 6 207 232 233 235 258 259 260 
1550   4 6 7 207 208 233 235 259 260 261 280 
1551   4 7 207 208 233 236 259 261 280 
1552   4 7 10 208 233 236 259 280 
1553   4 7 10 208 233 236 259 262 265 281 
1554   4 7 208 233 240 262 265 281 
1555   4 7 11 208 233 237 240 262 281 
1556   11 208 233 237 262 281 285 
1557   11 15 208 237 262 266 285 
1558   11 15 208 237 241 266 270 285 
1559   15 208 237 241 266 270 
1560   
1561   
1562   
1563   
1564   
1565   
1566   
1567   
1568   
1569   
1570   
1571   
1572   
1573   
1574   
1575   
1576   
1577   
1578   
1579   
1580   
1581   
1582   
1583   
1584   
1585   
1586   
1587   
1588   
1589   
1590   
1591   39 43 44 48 49 52 55 56 60 61 65 87 90 91 95 96 100 
1592   70 71 74 78 79 83 84 104 105 106 110 114 118 119 122 125 126 130 131 134 135 138 139 
1593   107 108 109 111 112 113 114 115 116 117 118 119 120 121 122 123 124 125 126 127 128 129 130 131 132 133 135 136 137 142 143 144 146 147 148 149 150 151 152 153 154 155 156 157 158 159 160 161 162 163 164 165 166 167 168 170 171 172 
1594   140 141 142 143 145 146 147 148 149 150 151 152 153 154 155 156 157 158 159 160 161 162 163 164 165 166 167 168 169 170 171 172 173 174 177 178 
1595   172 173 175 176 177 178 179 180 181 182 183 184 185 186 187 188 189 192 193 194 199 203 204 
1596   185 190 191 192 193 195 196 197 198 199 200 201 202 203 204 208 209 211 212 
1597   195 196 197 200 201 202 203 204 205 206 207 208 209 210 211 212 213 214 215 216 217 218 219 223 224 
1598   200 201 202 203 205 206 207 208 209 215 217 218 220 221 222 223 224 227 228 229 246 249 
1599   200 201 202 205 206 207 208 209 221 222 225 226 227 228 229 245 246 247 248 249 254 
1600   205 206 207 208 209 225 226 227 228 229 232 233 234 245 247 250 251 252 253 254 
1601   205 206 207 208 209 225 226 230 231 232 233 234 250 251 252 253 258 259 
1602   0 2 3 4 205 206 207 208 209 230 231 232 233 234 256 257 258 259 
1603   0 1 2 3 4 205 206 207 208 209 230 231 232 233 234 255 256 257 258 259 
1604   1 4 205 206 207 208 209 230 231 232 233 234 255 256 257 258 259 
1605   6 7 8 205 206 207 208 209 233 234 
1606   5 6 7 8 207 208 209 234 235 260 261 
1607   5 6 7 8 9 208 209 234 235 236 260 261 262 
1608   7 8 208 209 234 235 236 261 262 280 
1609   7 8 208 209 234 236 261 262 280 
1610   8 10 209 234 236 237 262 280 281 
1611   8 10 11 209 234 237 262 265 281 
1612   8 11 209 234 237 262 265 281 
1613   8 11 209 234 237 240 266 
1614   8 11 234 237 240 259 266 285 
1615   8 15 234 241 259 266 285 
1616   4 8 15 234 241 259 266 270 
1617   4 8 234 241 259 270 
1618   4 8 259 282 
1619   4 282 
1620   
1621   
1622   
1623   
1624   
1625   
1626   
1627   
1628   
1629   
1630   
1631   
1632   
1633   
1634   
1635   
1636   
1637   
1638   
1639   
1640   
1641   
1642   
1643   
1644   
1645   
1646   
1647   
1648   
1649   
1650   
1651   
1652   109 113 166 170 
1653   140 141 144 145 148 149 153 154 157 160 161 165 169 173 174 175 192 195 196 200 201 205 208 209 
1654   175 176 177 178 179 180 181 182 183 184 185 186 187 188 189 190 191 192 193 194 195 196 197 198 199 200 201 202 203 204 205 206 207 208 209 
1655   185 186 190 191 194 195 196 197 198 199 200 201 202 203 205 206 207 208 209 210 211 212 213 214 216 217 218 219 220 221 222 223 224 226 227 228 229 
1656   205 206 207 210 211 212 213 214 215 216 217 218 219 220 221 222 223 224 225 226 227 228 229 230 231 232 233 234 236 237 238 239 
1657   220 221 222 225 226 227 228 229 230 231 232 233 234 235 236 237 238 239 245 247 248 249 253 254 
1658   225 226 230 231 232 233 234 235 236 237 238 239 245 246 247 248 250 251 252 253 254 258 259 
1659   230 231 232 233 234 235 236 237 238 239 250 251 252 253 255 256 257 258 259 
1660   0 2 3 4 230 231 235 236 237 238 239 255 256 257 258 259 264 
1661   0 1 2 3 4 9 235 236 237 238 239 255 256 257 262 263 264 
1662   1 7 8 9 235 236 237 238 239 255 260 261 262 263 264 
1663   5 6 7 8 9 235 236 237 238 239 260 261 262 263 264 
1664   5 6 7 8 9 235 236 237 238 239 260 261 262 263 264 
1665   5 6 8 9 235 236 237 238 239 260 261 262 263 264 
1666   9 235 236 237 238 239 262 263 264 280 281 
1667   10 11 237 238 239 263 264 280 281 282 
1668   9 10 11 237 238 239 263 264 265 280 281 282 
1669   9 10 11 237 238 263 264 265 266 281 282 
1670   9 11 12 238 240 263 264 265 266 282 283 
1671   9 12 238 240 263 264 266 282 285 
1672   9 12 15 238 240 241 263 266 282 285 
1673   9 12 15 238 241 263 282 285 
1674   9 12 15 209 238 241 263 270 282 
1675   12 209 238 241 263 267 270 282 286 
1676   12 209 238 263 267 282 286 
1677   12 16 209 234 238 263 267 282 286 315 
1678   12 16 209 234 238 242 263 267 286 290 315 
1679   8 12 16 20 209 234 238 242 259 263 267 271 286 290 315 
1680   
1681   
1682   
1683   
1684   
1685   
1686   
1687   
1688   
1689   
1690   
1691   
1692   
1693   
1694   
1695   
1696   
1697   
1698   
1699   
1700   
1701   
1702   
1703   
1704   
1705   
1706   
1707   
1708   
1709   
1710   
1711   
1712   
1713   179 183 184 188 189 214 218 219 223 224 227 230 231 235 236 240 
1714   210 211 212 213 214 215 216 217 218 219 220 221 222 223 224 225 226 227 228 229 230 231 232 233 234 235 236 237 238 239 240 241 242 243 244 
1715   210 215 225 230 231 232 233 234 235 236 237 238 239 240 241 242 243 244 245 246 247 248 249 250 251 252 253 254 255 256 257 258 259 261 262 263 264 
1716   235 240 241 242 243 244 245 246 247 248 249 250 251 252 253 254 255 256 257 258 259 260 261 262 263 264 266 267 268 269 
1717   240 241 242 243 244 245 246 250 251 252 253 255 256 257 258 259 260 261 262 263 264 265 266 267 268 269 
1718   1 2 3 4 240 241 242 243 244 255 256 257 260 261 262 263 264 265 266 267 268 269 
1719   0 1 2 3 4 7 8 9 240 241 242 243 244 260 261 262 263 264 266 267 268 269 
1720   1 5 6 7 8 9 240 241 242 243 244 260 261 262 263 265 266 267 268 269 
1721   5 6 7 8 9 14 240 241 242 243 244 260 261 265 266 267 268 269 
1722   5 6 8 12 14 240 241 242 243 244 265 266 267 268 269 
1723   10 11 12 13 14 240 241 242 243 244 265 266 267 268 269 281 282 283 284 
1724   10 11 12 13 14 240 241 242 243 244 265 266 267 268 269 280 281 282 283 284 
1725   10 11 12 13 14 240 241 242 243 244 265 266 267 268 269 280 281 282 283 284 
1726   10 11 12 13 14 240 241 242 265 266 267 268 269 280 282 283 284 
1727   12 13 14 240 241 265 266 267 268 283 284 
1728   12 13 14 240 241 266 267 268 283 284 285 
1729   12 13 15 239 240 241 267 283 284 285 286 
1730   13 15 239 241 267 284 285 286 
1731   13 15 239 241 242 267 283 284 286 
1732   13 16 239 242 264 267 270 283 284 286 
1733   13 16 239 242 264 267 270 283 286 315 
1734   13 16 239 242 264 267 270 283 286 315 
1735   9 16 242 264 283 290 315 
1736   9 16 20 242 271 283 290 315 
1737   9 20 242 271 283 290 
1738   9 20 271 275 
1739   275 
1740   
1741   
1742   
1743   
1744   
1745   
1746   
1747   
1748   
1749   
1750   
1751   
1752   
1753   
1754   
1755   
1756   
1757   
1758   
1759   
1760   
1761   
1762   
1763   
1764   
1765   
1766   
1767   
1768   
1769   
1770   
1771   
1772   
1773   17 20 26 249 253 254 258 259 262 265 266 270 271 275 
1774   2 3 4 6 7 8 10 11 12 14 17 18 19 21 25 29 30 33 34 245 246 247 248 249 250 251 252 253 254 255 256 257 258 259 260 261 262 263 264 265 266 267 268 269 270 271 272 273 274 275 276 277 278 279 
1775   0 1 2 3 4 5 6 7 8 9 10 11 12 13 14 17 18 19 260 265 266 267 268 269 270 271 272 273 274 275 276 277 278 279 
1776   0 1 2 3 4 5 6 7 8 9 10 11 12 13 14 17 18 19 265 270 271 272 273 274 275 276 277 278 279 
1777   0 1 2 3 4 5 6 7 8 9 10 11 12 13 14 17 18 19 270 271 272 273 274 275 276 277 278 279 
1778   0 3 5 6 7 8 9 10 11 12 13 14 17 18 19 270 271 272 273 274 275 276 277 278 279 
1779   5 6 10 11 12 13 14 17 18 19 265 270 271 272 273 274 275 276 277 278 279 283 
1780   10 11 12 13 14 17 18 19 270 271 272 273 274 279 281 282 283 284 
1781   10 11 12 13 17 18 19 270 271 272 273 274 280 281 282 283 284 
1782   10 11 13 17 18 19 270 271 272 273 274 280 281 282 283 284 
1783   17 18 19 271 272 273 274 280 289 
1784   16 17 19 274 286 287 288 289 
1785   15 16 17 285 286 287 288 289 
1786   15 16 17 243 244 285 286 287 288 289 
1787   15 16 17 242 243 244 269 270 285 286 287 288 
1788   15 16 17 242 243 244 269 270 286 287 288 
1789   14 16 17 242 243 244 268 269 270 286 287 288 
1790   14 16 17 242 243 268 269 270 271 287 315 
1791   14 16 17 243 268 270 271 287 290 315 
1792   14 17 243 268 271 287 290 315 
1793   17 20 243 268 271 284 287 290 315 
1794   17 20 243 268 271 284 287 290 
1795   13 17 20 239 268 271 284 287 316 
1796   13 17 20 239 264 268 275 287 316 
1797   13 17 239 264 268 275 287 316 
1798   13 17 239 264 268 283 287 316 
1799   9 13 17 239 264 268 283 287 291 316 320 
1800   
1801   
1802   
1803   
1804   
1805   
1806   
1807   
1808   
1809   
1810   
1811   
1812   
1813   
1814   
1815   
1816   
1817   
1818   
1819   
1820   
1821   
1822   
1823   
1824   
1825   
1826   
1827   
1828   
1829   
1830   
1831   
1832   
1833   8 14 284 288 289 293 294 297 300 301 305 306 310 
1834   0 1 4 5 9 13 15 16 20 22 23 24 26 27 28 30 31 32 280 281 282 283 284 285 286 287 288 289 290 291 292 293 294 295 296 297 298 299 300 301 302 303 304 305 306 307 308 309 310 311 312 313 314 
1835   15 16 20 21 22 23 24 25 26 27 28 29 30 31 32 33 34 280 281 282 283 284 285 286 287 288 289 290 291 292 293 294 299 
1836   15 16 20 21 22 23 24 25 26 27 28 29 30 31 32 33 34 280 281 282 283 284 285 286 287 288 289 294 
1837   15 16 20 21 22 23 24 25 26 27 28 29 30 31 32 33 34 280 281 282 283 284 285 286 287 288 289 
1838   15 16 20 21 22 23 24 25 26 27 28 29 31 34 280 281 282 283 284 285 286 287 288 289 
1839   15 16 20 21 22 23 24 28 29 276 280 281 282 283 284 285 286 287 288 289 294 
1840   15 16 20 21 22 23 24 275 276 277 278 280 285 286 287 288 289 
1841   15 16 21 22 23 24 275 276 277 278 279 285 286 287 288 289 
1842   15 16 21 23 24 275 276 277 278 279 285 286 287 288 289 
1843   15 16 270 279 285 286 287 288 
1844   15 18 270 271 272 273 285 
1845   18 19 270 271 272 273 274 
1846   18 19 270 271 272 273 274 315 316 
1847   18 19 271 272 273 274 289 290 315 316 317 
1848   18 19 271 272 273 289 290 315 316 317 
1849   18 20 271 272 273 289 290 291 315 316 317 
1850   18 20 244 272 288 289 290 291 316 317 
1851   18 20 244 269 272 288 289 291 316 
1852   20 244 269 272 288 291 316 
1853   14 244 269 272 275 288 291 316 
1854   14 269 272 275 288 291 316 
1855   14 21 243 272 275 288 291 320 
1856   14 21 243 272 284 291 295 320 
1857   21 243 272 284 291 295 320 
1858   21 243 272 276 291 295 320 
1859   21 25 239 243 268 272 276 291 295 320 
1860   
1861   
1862   
1863   
1864   
1865   
1866   
1867   
1868   
1869   
1870   
1871   
1872   
1873   
1874   
1875   
1876   
1877   
1878   
1879   
1880   
1881   
1882   
1883   
1884   
1885   
1886   
1887   
1888   
1889   
1890   
1891   
1892   
1893   319 323 324 328 329 332 335 336 340 341 345 367 370 371 375 376 380 
1894   315 316 317 318 319 320 321 322 323 324 325 326 327 328 329 330 331 332 333 334 335 336 337 338 339 340 341 342 343 344 345 346 347 348 349 
1895   295 296 297 298 300 301 302 303 304 305 306 307 308 309 310 311 312 313 314 315 316 317 318 319 320 321 322 323 324 325 326 327 328 329 334 344 349 
1896   290 291 292 293 295 296 297 298 299 300 301 302 303 304 305 306 307 308 309 310 311 312 313 314 315 316 317 318 319 324 
1897   290 291 292 293 294 295 296 297 298 299 300 301 302 303 304 306 307 308 309 313 314 315 316 317 318 319 
1898   30 31 32 33 290 291 292 293 294 295 296 297 298 299 302 303 304 315 316 317 318 319 
1899   25 26 27 30 31 32 33 34 290 291 292 293 295 296 297 298 299 315 316 317 318 319 
1900   25 26 27 28 29 33 290 291 292 293 294 296 297 298 299 315 316 317 318 319 
1901   20 25 26 27 28 29 290 291 292 293 294 298 299 315 316 317 318 319 
1902   20 22 26 28 29 290 291 292 293 294 315 316 317 318 319 
1903   20 21 22 23 24 275 276 277 278 290 291 292 293 294 315 316 317 318 319 
1904   20 21 22 23 24 275 276 277 278 279 290 291 292 293 294 315 316 317 318 319 
1905   20 21 22 23 24 275 276 277 278 279 290 291 292 293 294 315 316 317 318 319 
1906   20 21 22 23 24 275 276 277 279 290 291 292 293 294 317 318 319 
1907   20 21 22 275 276 291 292 293 294 318 319 
1908   20 21 22 274 275 276 291 292 293 318 319 
1909   19 21 22 273 274 275 276 292 318 319 320 
1910   19 21 273 274 275 292 318 320 
1911   19 21 273 275 276 292 317 318 320 
1912   18 21 273 275 276 289 292 295 317 320 
1913   18 21 244 273 276 289 292 295 317 320 
1914   18 21 244 273 276 289 292 295 317 320 
1915   18 25 244 269 276 295 317 
1916   14 18 25 244 269 276 288 317 
1917   14 25 269 276 288 317 
1918   14 25 284 288 
1919   284 
1920   
1921   
1922   
1923   
1924   
1925   
1926   
1927   
1928   
1929   
1930   
1931   
1932   
1933   
1934   
1935   
1936   
1937   
1938   
1939   
1940   
1941   
1942   
1943   
1944   
1945   
1946   
1947   
1948   
1949   
1950   
1951   
1952   389 393 446 450 
1953   350 351 354 358 359 363 364 384 385 386 390 394 398 399 402 405 406 410 411 414 415 418 419 
1954   350 351 352 353 354 355 356 357 358 359 360 361 362 363 364 365 366 367 368 369 370 371 372 373 374 375 376 377 378 379 380 381 382 383 384 
1955   330 331 332 333 335 336 337 338 339 340 341 342 343 345 346 347 348 349 350 351 352 353 354 356 357 358 359 360 361 362 363 364 365 367 368 369 373 374 
1956   320 321 322 323 325 326 327 328 329 330 331 332 333 334 335 336 337 338 339 340 341 342 343 344 345 346 347 348 349 352 353 354 
1957   305 306 310 311 312 314 320 321 322 323 324 325 326 327 328 329 330 331 332 333 334 337 338 339 
1958   300 301 305 306 307 308 309 311 312 313 314 320 321 322 323 324 325 326 327 328 329 333 334 
1959   300 301 302 303 304 306 307 308 309 320 321 322 323 324 325 326 327 328 329 
1960   30 31 32 34 295 300 301 302 303 304 320 321 322 323 324 328 329 
1961   25 30 31 32 33 34 295 296 297 302 303 304 320 321 322 323 324 
1962   25 26 27 33 295 296 297 298 299 304 320 321 322 323 324 
1963   25 26 27 28 29 295 296 297 298 299 320 321 322 323 324 
1964   25 26 27 28 29 295 296 297 298 299 320 321 322 323 324 
1965   25 26 28 29 295 296 297 298 299 320 321 322 323 324 
1966   25 278 279 295 296 297 320 321 322 323 324 
1967   23 24 277 278 279 295 296 320 321 322 
1968   23 24 25 277 278 279 294 295 296 320 321 322 
1969   23 24 25 277 278 293 294 295 296 321 322 
1970   22 23 25 276 277 293 294 295 296 319 321 
1971   22 25 274 277 293 295 296 319 321 
1972   19 22 25 274 277 293 296 318 319 321 
1973   19 22 25 274 277 296 318 321 
1974   19 22 25 277 289 296 318 321 350 
1975   22 273 277 289 292 296 318 321 350 
1976   22 273 277 292 296 321 350 
1977   18 22 244 273 277 292 296 321 325 350 
1978   18 22 244 269 273 292 296 317 321 325 350 
1979   14 18 22 26 244 269 273 288 292 296 300 317 321 325 350 
1980   
1981   
1982   
1983   
1984   
1985   
1986   
1987   
1988   
1989   
1990   
1991   
1992   
1993   
1994   
1995   
1996   
1997   
1998   
1999   
2000   
2001   
2002   
2003   
2004   
2005   
2006   
2007   
2008   
2009   
2010   
2011   459 463 464 468 469 472 494 498 499 503 504 507 510 511 515 516 520 
2012   420 421 424 425 428 429 433 434 437 440 441 445 449 453 454 455 475 476 480 481 485 488 489 
2013   387 388 389 391 392 393 394 395 396 397 398 399 400 401 402 403 404 405 406 407 408 409 410 411 412 413 415 416 417 422 423 424 426 427 428 429 430 431 432 433 434 435 436 437 438 439 440 441 442 443 444 445 446 447 448 450 451 452 
2014   381 382 385 386 387 388 389 390 391 392 393 394 395 396 397 398 399 400 401 402 403 404 405 406 407 408 409 410 411 412 413 414 416 417 418 419 
2015   355 356 360 365 366 370 371 372 373 374 375 376 377 378 379 380 381 382 383 384 386 387 
2016   347 348 350 351 355 356 357 358 359 360 361 362 363 364 366 367 368 369 374 
2017   335 336 340 341 342 343 344 345 346 347 348 349 350 351 352 353 354 355 356 357 358 359 362 363 364 
2018   310 313 330 331 332 335 336 337 338 339 341 342 344 350 351 352 353 354 356 357 358 359 
2019   305 310 311 312 313 314 330 331 332 333 334 337 338 350 351 352 353 354 357 358 359 
2020   305 306 307 308 309 312 314 325 326 327 330 331 332 333 334 350 351 352 353 354 
2021   300 301 306 307 308 309 325 326 327 328 329 333 334 350 351 352 353 354 
2022   30 31 32 34 300 301 302 303 325 326 327 328 329 350 351 352 353 354 
2023   30 31 32 33 34 300 301 302 303 304 325 326 327 328 329 350 351 352 353 354 
2024   30 33 300 301 302 303 304 325 326 327 328 329 350 351 352 353 354 
2025   26 27 28 325 326 350 351 352 353 354 
2026   26 27 28 29 298 299 324 325 350 351 352 
2027   25 26 27 28 29 297 298 299 323 324 325 350 351 
2028   26 27 279 297 298 323 324 325 350 351 
2029   26 27 279 297 298 323 325 350 351 
2030   24 26 278 279 297 322 323 325 350 
2031   23 24 26 278 294 297 322 325 350 
2032   23 26 278 294 297 322 325 350 
2033   23 26 293 319 322 325 350 
2034   23 26 274 293 300 319 322 325 
2035   19 26 274 293 300 318 325 
2036   19 26 30 289 293 300 318 325 
2037   26 30 289 300 318 325 
2038   26 30 277 300 
2039   30 277 
2040   
2041   
2042   
2043   
2044   
2045   
2046   
2047   
2048   
2049   
2050   
2051   
2052   
2053   
2054   
2055   
2056   
2057   
2058   
2059   
2060   
2061   
2062   
2063   
2064   
2065   
2066   
2067   
2068   
2069   
2070   
2071   490 491 492 493 494 495 496 497 498 499 500 501 502 503 504 505 506 507 508 509 510 511 512 513 514 515 516 517 518 519 520 521 522 523 524 
2072   455 456 457 458 459 460 461 462 463 464 465 466 467 468 469 470 471 472 473 474 475 476 477 478 479 480 481 482 483 484 485 486 487 488 489 
2073   420 421 422 423 425 426 427 428 429 430 431 432 433 434 435 436 437 438 439 440 441 442 443 444 445 446 447 448 449 450 451 452 453 454 457 458 
2074   410 413 414 415 416 417 418 419 420 421 422 423 424 425 426 429 
2075   380 385 388 389 390 391 392 393 394 395 396 397 398 399 400 401 402 403 404 405 406 407 408 409 410 411 412 
2076   365 366 370 371 372 373 375 376 377 378 379 380 381 382 383 384 385 386 387 388 389 390 391 392 393 394 395 396 397 398 399 404 
2077   345 346 347 360 361 362 365 366 367 368 369 370 371 372 373 374 378 379 385 386 387 388 389 
2078   340 341 342 343 347 348 349 355 360 361 362 363 364 367 368 369 386 387 388 389 
2079   335 336 338 339 340 341 343 344 355 356 360 361 362 363 364 389 
2080   310 311 312 313 335 336 337 338 339 355 356 357 358 359 
2081   305 311 312 313 314 330 331 332 355 356 357 358 359 
2082   305 306 307 308 309 330 331 332 333 334 355 356 357 358 359 
2083   305 306 307 309 331 332 333 334 355 356 357 358 359 
2084   30 31 32 33 34 304 
2085   30 31 32 33 34 300 301 302 303 304 327 328 329 
2086   30 31 32 300 301 302 303 326 327 328 329 353 354 
2087   29 30 300 301 302 326 327 328 329 352 353 354 
2088   28 29 30 299 300 301 326 327 352 353 
2089   28 30 299 300 301 324 326 327 352 
2090   27 28 30 279 298 299 300 324 326 351 352 
2091   27 30 279 298 300 323 326 351 352 
2092   24 27 30 279 300 323 326 351 
2093   24 27 30 278 294 297 300 323 326 351 
2094   27 30 278 294 297 319 326 351 
2095   23 27 30 278 297 319 322 326 351 
2096   23 274 278 297 322 326 351 
2097   19 23 274 293 297 322 351 
2098   19 23 274 289 293 318 322 351 
2099   19 289 293 318 322 351 
2100   
2101   
2102   
2103   
2104   
2105   
2106   
2107   
2108   
2109   
2110   
2111   
2112   
2113   
2114   
2115   
2116   
2117   
2118   
2119   
2120   
2121   
2122   
2123   
2124   
2125   
2126   
2127   
2128   
2129   
2130   
2131   490 495 505 510 511 512 513 514 515 516 517 518 519 520 521 522 523 524 
2132   465 466 470 471 472 474 475 476 477 478 479 480 481 482 483 485 486 487 488 489 490 491 492 493 494 496 497 498 499 500 501 502 503 504 506 507 508 509 
2133   452 453 455 456 457 458 459 460 461 462 463 464 465 466 467 468 469 473 474 479 483 484 
2134   427 428 429 430 431 432 433 434 435 436 437 438 439 440 441 442 443 444 445 446 447 448 449 450 451 454 459 
2135   400 405 406 407 408 409 410 411 412 413 414 415 416 417 418 419 420 421 422 423 424 425 426 427 428 429 430 431 432 433 434 439 
2136   380 382 383 395 396 400 401 402 403 404 408 409 414 421 422 423 424 
2137   375 376 377 378 379 380 381 383 384 390 391 392 393 394 395 396 397 398 399 
2138   345 346 365 366 370 371 372 373 374 377 385 390 391 392 393 394 397 398 399 
2139   340 341 342 346 347 348 349 365 366 367 368 369 373 385 386 387 388 392 393 394 
2140   335 336 340 341 342 343 344 360 361 362 363 364 367 368 369 385 386 387 388 389 
2141   310 312 314 335 336 337 338 339 360 361 362 363 364 385 386 387 388 389 
2142   310 311 312 313 314 336 337 338 339 360 361 362 363 364 386 387 388 389 
2143   308 330 334 388 389 
2144   305 306 307 308 309 330 331 332 333 334 355 356 357 358 359 
2145   305 306 330 331 332 333 355 356 357 358 359 
2146   33 34 304 305 330 331 355 356 357 358 359 
2147   31 32 33 34 303 304 330 355 356 357 
2148   31 32 302 303 328 329 330 354 355 356 
2149   29 31 32 302 328 329 330 353 354 355 
2150   29 31 301 302 327 328 330 353 355 
2151   28 31 299 301 302 324 327 330 353 355 
2152   28 31 279 298 299 301 324 327 330 352 355 
2153   28 31 279 298 301 327 330 352 355 
2154   24 31 279 298 301 323 330 352 355 
2155   24 31 294 301 323 330 355 
2156   27 31 294 301 319 330 355 
2157   27 31 278 301 305 319 326 330 355 
2158   27 31 278 297 301 305 326 330 355 
2159   23 27 31 274 278 297 301 305 326 330 355 
2160   
2161   
2162   
2163   
2164   
2165   
2166   
2167   
2168   
2169   
2170   
2171   
2172   
2173   
2174   
2175   
2176   
2177   
2178   
2179   
2180   
2181   
2182   
2183   
2184   
2185   
2186   
2187   
2188   
2189   
2190   
2191   515 520 521 522 523 524 
2192   485 486 487 490 491 492 493 494 495 496 497 498 499 500 501 502 503 504 505 506 507 508 509 510 511 512 513 514 516 517 518 519 
2193   465 470 471 472 473 475 476 477 478 479 480 481 482 483 484 488 489 491 492 
2194   435 440 441 442 443 444 445 446 447 448 449 450 451 452 453 454 455 456 457 458 459 460 461 462 463 464 466 467 468 469 473 474 
2195   415 416 417 418 425 430 431 435 436 437 438 439 443 444 456 457 459 
2196   405 406 407 410 411 412 413 414 419 420 425 426 427 428 429 432 433 434 
2197   375 376 380 381 382 383 384 400 401 402 403 404 405 406 407 408 409 420 421 422 423 424 427 428 429 
2198   375 376 377 378 379 395 396 397 398 399 403 404 421 422 423 424 
2199   345 347 348 370 371 372 373 374 379 390 391 395 397 398 399 424 
2200   340 345 346 347 348 349 365 366 374 390 391 392 393 394 
2201   340 341 342 343 344 365 366 367 368 369 390 391 392 393 394 
2202   311 335 342 367 368 369 385 392 
2203   310 311 312 313 314 335 336 337 338 339 360 361 362 363 364 385 386 387 389 
2204   313 335 336 337 338 339 360 361 362 363 364 385 386 387 388 389 
2205   307 308 309 334 360 361 385 386 387 388 389 
2206   306 307 308 309 332 333 334 360 385 386 
2207   305 306 307 331 332 333 358 359 360 385 386 
2208   33 34 304 305 306 331 332 357 358 385 
2209   33 303 304 305 329 331 356 357 385 
2210   32 303 305 331 354 356 385 
2211   29 32 305 328 331 354 356 
2212   29 32 299 302 305 328 353 356 
2213   32 302 305 324 353 356 
2214   28 302 305 324 327 356 
2215   28 279 298 302 305 327 352 356 
2216   24 28 279 298 305 323 327 352 
2217   24 294 298 319 323 352 
2218   294 319 323 
2219   
2220   
2221   
2222   
2223   
2224   
2225   
2226   
2227   
2228   
2229   
2230   
2231   
2232   
2233   
2234   
2235   
2236   
2237   
2238   
2239   
2240   
2241   
2242   
2243   
2244   
2245   
2246   
2247   
2248   
2249   
2250   
2251   520 521 522 523 524 
2252   500 501 502 505 506 507 508 509 510 511 512 513 514 515 516 517 518 519 
2253   475 476 477 480 481 482 483 484 485 486 487 488 489 490 491 492 493 494 495 496 497 498 499 503 504 
2254   450 451 452 453 454 460 461 465 466 467 468 469 470 471 472 473 474 477 478 479 492 493 494 
2255   440 441 442 443 444 445 446 447 448 449 455 456 458 459 460 461 462 463 464 
2256   410 411 412 415 416 417 418 419 430 431 432 433 434 435 436 437 438 439 455 456 457 458 459 463 464 
2257   405 406 407 408 409 413 414 425 426 430 431 432 433 434 
2258   380 381 382 383 384 400 401 402 409 420 425 426 427 428 429 
2259   375 376 377 378 379 396 397 401 402 403 404 420 421 422 423 424 428 429 
2260   345 346 347 349 370 371 372 373 395 396 397 398 399 420 421 422 423 424 
2261   345 348 365 373 374 395 396 399 421 422 424 
2262   340 341 342 343 344 365 366 367 368 369 390 391 392 393 394 
2263   340 341 344 365 366 367 369 390 391 392 393 394 
2264   310 311 312 313 314 339 390 391 392 393 
2265   310 311 312 314 335 336 337 338 339 362 363 364 388 389 390 
2266   309 310 335 336 337 361 362 363 364 387 388 389 
2267   308 309 334 335 336 361 362 387 388 
2268   307 308 333 334 335 359 360 361 386 387 
2269   34 306 307 332 333 335 358 360 361 386 
2270   33 34 304 306 329 332 335 357 358 360 386 
2271   33 303 306 329 332 357 360 385 
2272   303 306 328 331 354 357 360 385 
2273   29 299 306 328 331 360 385 
2274   29 32 299 306 331 353 360 385 
2275   32 306 324 331 353 360 385 
2276   32 302 306 331 356 360 385 
2277   28 32 279 302 327 331 356 360 385 
2278   24 28 279 298 302 327 331 352 356 360 385 
2279   24 294 298 319 323 327 352 356 385 
2280   
2281   
2282   
2283   
2284   
2285   
2286   
2287   
2288   
2289   
2290   
2291   
2292   
2293   
2294   
2295   
2296   
2297   
2298   
2299   
2300   
2301   
2302   
2303   
2304   
2305   
2306   
2307   
2308   
2309   
2310   
2311   520 521 522 523 524 
2312   505 506 510 511 512 513 514 515 516 517 518 519 
2313   480 481 482 483 485 486 487 488 489 495 497 498 500 501 502 503 504 507 508 509 
2314   450 451 452 453 470 471 472 475 476 477 478 479 484 490 491 492 496 497 498 499 
2315   440 441 442 445 446 447 448 449 454 462 465 466 467 468 469 473 474 493 494 
2316   415 416 417 418 435 436 440 441 442 443 444 460 461 462 463 464 
2317   410 411 412 413 414 419 430 437 438 439 455 456 457 458 459 
2318   380 381 382 384 405 406 407 408 431 432 433 434 455 457 458 459 
2319   383 384 400 401 402 403 404 408 409 425 426 427 
2320   375 376 377 378 379 400 402 403 404 425 426 427 428 429 
2321   345 346 347 348 349 370 371 372 374 395 397 398 420 422 423 424 
2322   346 347 349 370 371 372 373 395 396 397 398 399 420 421 422 423 424 
2323   341 342 343 344 368 396 420 421 422 
2324   340 341 342 343 365 366 367 368 369 392 393 394 
2325   313 314 339 365 366 367 390 391 392 393 
2326   311 312 313 338 339 364 365 390 391 
2327   309 310 311 312 337 363 365 389 390 
2328   309 310 311 336 337 362 363 388 389 390 
2329   308 310 334 336 359 362 387 388 390 
2330   34 307 308 310 333 336 359 361 387 
2331   34 304 307 310 333 335 358 361 386 
2332   33 304 307 310 329 332 335 358 361 386 
2333   33 303 310 329 332 335 354 357 386 
2334   29 33 303 310 328 332 335 357 386 
2335   29 299 303 310 328 335 353 357 
2336   299 310 324 335 353 
2337   306 310 335 
2338   32 306 310 335 
2339   
2340   
2341   
2342   
2343   
2344   
2345   
2346   
2347   
2348   
2349   
2350   
2351   
2352   
2353   
2354   
2355   
2356   
2357   
2358   
2359   
2360   
2361   
2362   
2363   
2364   
2365   
2366   
2367   
2368   
2369   
2370   
2371   520 521 522 523 524 
2372   510 511 512 513 514 515 516 517 518 519 
2373   480 481 482 485 486 487 488 489 501 502 505 506 507 508 509 
2374   450 475 476 477 478 479 483 484 495 496 498 499 500 501 503 504 
2375   445 446 447 451 452 453 454 466 470 471 472 473 474 490 491 492 493 497 498 499 
2376   415 440 441 442 444 448 449 460 465 466 467 468 469 491 492 494 
2377   410 411 415 416 417 418 419 435 436 437 438 442 443 460 461 462 463 464 
2378   412 413 414 430 431 435 436 437 438 439 455 456 
2379   380 381 382 383 384 405 406 407 408 409 430 431 432 433 434 455 456 457 458 459 
2380   375 376 377 379 401 425 427 428 429 
2381   375 376 377 378 379 400 401 402 403 404 425 426 427 428 429 
2382   345 347 348 349 373 374 426 
2383   345 346 370 371 372 373 374 395 396 397 398 399 423 424 
2384   344 370 395 396 397 420 421 422 423 424 
2385   340 341 342 343 368 369 394 395 420 421 422 
2386   314 340 341 342 366 367 368 392 393 394 420 
2387   312 313 338 339 340 364 366 367 391 392 
2388   312 337 338 340 363 364 365 366 391 
2389   309 311 334 337 363 365 389 391 
2390   308 311 334 337 362 365 388 390 
2391   34 308 311 336 359 362 365 387 390 
2392   34 304 311 333 336 365 387 390 
2393   304 307 336 358 361 387 390 
2394   307 329 336 354 361 390 
2395   33 307 332 336 354 361 386 390 
2396   29 33 303 307 328 332 357 361 386 390 
2397   29 299 303 324 328 332 353 357 361 386 
2398   324 353 386 
2399   
2400   
2401   
2402   
2403   
2404   
2405   
2406   
2407   
2408   
2409   
2410   
2411   
2412   
2413   
2414   
2415   
2416   
2417   
2418   
2419   
2420   
2421   
2422   
2423   
2424   
2425   
2426   
2427   
2428   
2429   
2430   
2431   520 521 522 523 524 
2432   510 511 515 516 517 518 519 
2433   485 486 487 488 489 505 506 507 508 509 512 513 514 
2434   480 481 482 483 484 500 501 502 503 504 
2435   450 451 452 453 454 470 471 472 475 476 477 478 479 495 496 497 498 499 503 504 
2436   445 446 447 448 449 465 473 474 490 491 492 493 494 499 
2437   415 416 417 418 419 440 441 442 443 444 466 467 468 469 490 492 493 494 
2438   410 411 412 413 414 435 436 437 439 460 461 462 463 464 
2439   410 411 412 414 438 460 462 463 464 
2440   380 381 382 383 384 405 406 407 408 409 430 431 432 433 434 455 456 457 458 459 
2441   378 379 430 456 458 459 
2442   375 376 377 379 400 401 402 403 404 425 427 428 429 
2443   347 348 349 374 400 401 402 425 426 427 428 
2444   345 346 347 348 370 371 372 373 374 397 398 399 425 426 
2445   343 344 345 369 370 371 396 397 423 424 
2446   343 344 368 369 370 395 396 421 422 423 
2447   314 339 341 342 368 393 394 395 420 421 
2448   313 339 341 367 392 393 395 420 
2449   312 313 338 340 341 364 366 367 389 392 420 
2450   309 312 338 340 363 366 388 391 420 
2451   309 312 334 337 340 359 366 388 391 
2452   308 337 340 359 362 391 
2453   34 304 308 311 333 340 362 365 387 
2454   34 304 311 329 333 340 358 365 387 
2455   311 329 340 354 365 
2456   311 336 340 354 365 
2457   33 307 311 336 340 365 390 
2458   29 33 299 303 307 311 328 332 336 340 357 361 365 390 
2459   
2460   
2461   
2462   
2463   
2464   
2465   
2466   
2467   
2468   
2469   
2470   
2471   
2472   
2473   
2474   
2475   
2476   
2477   
2478   
2479   
2480   
2481   
2482   
2483   
2484   
2485   
2486   
2487   
2488   
2489   
2490   
2491   520 521 522 523 524 
2492   515 516 517 518 519 
2493   485 486 487 488 489 505 506 510 511 512 513 514 
2494   480 481 482 483 484 507 508 509 
2495   450 451 452 453 454 475 476 477 478 479 500 501 502 503 504 
2496   445 446 447 448 449 470 471 472 473 474 495 496 497 498 499 
2497   415 417 418 440 443 444 465 466 474 491 494 
2498   415 416 417 419 441 442 444 465 467 468 469 490 491 492 493 494 
2499   410 411 412 413 414 435 436 437 438 439 460 461 462 463 464 
2500   380 381 383 409 460 461 
2501   380 381 382 384 405 406 407 408 409 430 431 432 433 434 455 457 458 459 
2502   377 378 379 403 404 405 430 431 432 455 456 457 
2503   375 376 377 378 400 401 402 403 404 429 455 456 
2504   348 349 374 375 400 401 426 427 428 
2505   346 347 372 373 398 399 400 424 425 426 
2506   344 345 346 371 372 397 398 423 425 
2507   343 345 368 369 370 371 394 396 397 422 
2508   314 342 368 370 396 421 
2509   313 314 339 342 364 367 370 393 395 421 
2510   313 338 341 367 370 389 392 395 
2511   309 338 341 363 389 392 395 420 
2512   312 334 341 363 366 388 395 420 
2513   312 334 337 359 366 388 391 395 420 
2514   308 312 337 362 366 391 420 
2515   34 304 308 329 333 358 362 387 391 420 
2516   304 329 354 358 387 
2517   
2518   
2519   
2520   
2521   
2522   
2523   
2524   
2525   
2526   
2527   
2528   
2529   
2530   
2531   
2532   
2533   
2534   
2535   
2536   
2537   
2538   
2539   
2540   
2541   
2542   
2543   
2544   
2545   
2546   
2547   
2548   
2549   
2550   
2551   520 521 522 523 524 
2552   515 516 517 518 519 
2553   485 486 487 488 489 510 511 512 513 514 
2554   480 481 482 483 484 505 506 507 508 509 
2555   450 451 452 453 475 476 477 478 479 500 501 502 503 
2556   447 454 470 471 472 497 504 
2557   445 446 447 448 449 470 471 472 473 474 495 496 497 498 499 
2558   415 416 417 418 419 440 441 442 443 444 466 467 468 469 490 492 493 
2559   413 465 466 490 491 492 494 
2560   410 411 412 414 435 436 437 438 439 460 462 463 464 
2561   382 383 384 407 408 409 434 435 436 460 461 462 
2562   380 381 405 406 407 408 431 432 433 434 458 459 
2563   378 379 404 430 431 456 457 458 
2564   349 375 376 377 402 403 428 429 430 455 
2565   348 373 374 375 376 399 401 402 427 455 
2566   347 373 375 398 399 400 401 424 426 
2567   344 346 369 372 400 423 424 425 426 
2568   343 345 346 369 371 394 397 422 423 425 
2569   314 345 368 371 393 394 396 397 422 425 
2570   339 342 345 364 371 393 396 421 
2571   313 338 342 345 364 367 370 389 392 396 421 
2572   309 313 338 345 363 367 370 392 421 
2573   309 334 341 345 363 370 
2574   341 359 370 388 395 
2575   312 337 341 366 370 395 420 
2576   34 308 312 333 337 341 362 366 370 391 395 420 
2577   34 304 308 329 333 337 354 358 362 366 387 391 395 420 
2578   
2579   
2580   
2581   
2582   
2583   
2584   
2585   
2586   
2587   
2588   
2589   
2590   
2591   
2592   
2593   
2594   
2595   
2596   
2597   
2598   
2599   
2600   
2601   
2602   
2603   
2604   
2605   
2606   
2607   
2608   
2609   
2610   
2611   520 521 522 523 524 
2612   515 516 517 518 519 
2613   485 486 487 488 489 510 511 512 513 514 
2614   480 481 482 483 484 505 506 507 508 
2615   450 451 505 509 
2616   450 452 453 454 475 476 477 478 479 500 501 502 503 504 
2617   445 446 447 448 449 470 472 473 474 495 498 499 
2618   417 418 419 443 471 495 496 497 498 
2619   415 416 440 441 442 443 444 465 466 467 468 469 493 494 
2620   411 412 413 414 437 438 439 465 490 491 492 
2621   383 384 410 435 436 437 438 439 461 462 463 464 
2622   381 382 383 408 409 435 460 461 
2623   379 380 381 405 406 407 432 433 434 458 459 460 
2624   378 403 404 405 406 431 432 456 457 
2625   349 374 377 403 428 429 430 456 
2626   348 374 376 402 427 428 430 455 
2627   347 373 375 398 399 401 424 427 455 
2628   344 347 369 372 375 398 400 401 423 426 
2629   343 346 369 372 375 394 397 400 426 
2630   314 346 368 400 422 425 
2631   339 346 371 393 400 425 
2632   342 364 371 389 396 425 
2633   313 338 342 367 392 396 421 
2634   309 334 338 345 359 363 367 388 392 421 
2635   345 359 388 
2636   345 
2637   312 341 370 
2638   
2639   
2640   
2641   
2642   
2643   
2644   
2645   
2646   
2647   
2648   
2649   
2650   
2651   
2652   
2653   
2654   
2655   
2656   
2657   
2658   
2659   
2660   
2661   
2662   
2663   
2664   
2665   
2666   
2667   
2668   
2669   
2670   
2671   520 521 522 523 524 
2672   515 516 517 518 519 
2673   485 486 487 488 489 510 511 512 513 514 
2674   
2675   480 481 482 483 484 505 506 507 508 509 
2676   450 451 452 453 454 475 476 477 478 479 500 501 502 503 504 
2677   446 447 448 449 500 
2678   445 446 447 470 471 472 473 474 496 497 498 499 
2679   415 416 417 418 419 442 443 444 469 495 
2680   413 414 440 441 442 465 466 467 468 469 491 492 493 494 
2681   411 412 413 438 439 464 465 490 491 
2682   384 409 410 411 436 437 462 463 464 490 
2683   382 383 407 408 433 434 435 436 461 
2684   379 380 381 458 459 460 
2685   378 380 404 405 406 429 431 432 457 
2686   349 374 377 402 403 405 428 431 456 
2687   348 373 374 376 399 402 405 427 430 456 
2688   344 373 376 424 430 455 
2689   347 369 398 401 423 426 455 
2690   343 347 372 375 394 397 401 426 
2691   314 339 343 346 368 375 393 397 400 422 
2692   339 346 364 375 393 400 
2693   346 371 375 389 400 425 
2694   313 342 371 396 400 425 
2695   309 313 334 338 363 367 392 396 421 425 
2696   334 359 363 388 392 421 425 
2697   
2698   
2699   
2700   
2701   
2702   
2703   
2704   
2705   
2706   
2707   
2708   
2709   
2710   
2711   
2712   
2713   
2714   
2715   
2716   
2717   
2718   
2719   
2720   
2721   
2722   
2723   
2724   
2725   
2726   
2727   
2728   
2729   
2730   
2731   520 521 522 523 524 
2732   515 516 517 518 519 
2733   485 486 487 488 489 513 514 
2734   510 511 512 
2735   480 481 482 483 484 506 507 508 509 
2736   450 451 452 453 454 478 479 505 
2737   449 450 451 475 476 477 500 501 502 503 504 
2738   446 447 448 449 472 473 474 500 
2739   417 418 419 444 445 470 471 496 497 498 499 
2740   415 416 442 443 468 469 470 494 495 496 
2741   413 414 415 439 440 441 466 467 492 493 
2742   384 412 437 438 440 463 464 465 466 491 
2743   383 409 410 411 436 462 465 490 
2744   382 407 408 410 433 434 435 459 461 
2745   378 379 381 404 406 407 432 433 435 458 460 461 
2746   378 380 403 406 429 457 460 
2747   349 374 377 380 428 431 
2748   348 377 380 399 402 405 424 427 456 
2749   344 348 373 376 398 405 427 430 
2750   344 347 369 376 401 423 430 455 
2751   372 394 401 426 455 
2752   314 343 368 372 397 422 426 
2753   314 339 364 368 389 393 397 422 
2754   346 375 389 
2755   309 313 338 342 346 371 375 400 
2756   
2757   
2758   
2759   
2760   
2761   
2762   
2763   
2764   
2765   
2766   
2767   
2768   
2769   
2770   
2771   
2772   
2773   
2774   
2775   
2776   
2777   
2778   
2779   
2780   
2781   
2782   
2783   
2784   
2785   
2786   
2787   
2788   
2789   
2790   523 524 
2791   520 521 522 
2792   515 516 517 518 519 
2793   487 488 489 514 515 
2794   485 486 510 511 512 513 
2795   480 481 482 483 484 508 509 
2796   453 454 479 505 506 507 
2797   450 451 452 475 476 477 478 502 503 504 
2798   448 449 474 475 500 501 
2799   419 445 446 447 471 472 473 497 498 499 
2800   416 417 418 443 444 469 470 471 495 496 
2801   414 416 441 442 467 468 493 494 495 
2802   413 415 438 439 440 441 464 466 492 
2803   384 409 411 412 437 463 465 491 
2804   383 408 411 434 436 437 462 465 490 
2805   379 382 410 433 436 459 461 
2806   381 404 407 410 429 432 435 458 
2807   378 381 403 406 429 432 435 457 460 
2808   349 374 377 399 406 428 431 460 
2809   348 380 402 424 431 456 
2810   344 373 380 398 405 427 
2811   347 369 376 380 394 398 405 423 430 
2812   343 347 372 376 401 405 426 430 455 
2813   314 339 343 368 372 397 401 426 430 455 
2814   364 389 393 422 
2815   
2816   
2817   
2818   
2819   
2820   
2821   
2822   
2823   
2824   
2825   
2826   
2827   
2828   
2829   
2830   
2831   
2832   
2833   
2834   
2835   
2836   
2837   
2838   
2839   
2840   
2841   
2842   
2843   
2844   
2845   
2846   
2847   
2848   
2849   
2850   522 523 524 
2851   520 521 
2852   517 518 519 
2853   488 489 514 515 516 
2854   485 486 487 510 511 512 513 
2855   482 483 484 509 
2856   453 454 479 480 481 506 507 508 
2857   451 452 477 478 503 504 505 
2858   449 450 474 476 502 
2859   447 448 472 473 475 499 500 501 
2860   418 419 444 445 446 471 497 498 500 
2861   417 442 443 445 468 469 470 471 494 496 
2862   413 414 415 416 439 467 470 493 495 
2863   384 412 415 438 440 441 464 466 492 
2864   383 409 412 434 437 440 463 465 466 491 
2865   408 411 459 462 465 490 
2866   379 382 404 407 410 433 436 458 461 
2867   378 407 410 429 432 461 
2868   349 374 381 403 435 457 
2869   374 377 381 399 406 424 428 431 435 460 
2870   348 373 377 402 406 427 431 456 460 
2871   344 369 373 398 402 427 456 
2872   380 394 423 
2873   347 376 380 405 
2874   314 339 343 347 368 372 376 380 397 401 405 426 430 455 
2875   
2876   
2877   
2878   
2879   
2880   
2881   
2882   
2883   
2884   
2885   
2886   
2887   
2888   
2889   
2890   
2891   
2892   
2893   
2894   
2895   
2896   
2897   
2898   
2899   
2900   
2901   
2902   
2903   
2904   
2905   
2906   
2907   
2908   
2909   
2910   522 523 524 
2911   520 521 
2912   517 518 519 
2913   488 489 514 515 516 
2914   486 487 512 513 
2915   483 484 485 509 510 511 
2916   454 481 482 507 508 
2917   452 453 478 479 480 504 505 506 
2918   449 450 451 476 477 502 503 
2919   448 473 474 475 476 499 501 502 
2920   419 444 446 447 472 498 500 
2921   418 443 469 471 497 
2922   414 416 417 442 445 468 470 493 494 496 
2923   413 416 438 439 441 464 467 470 492 495 
2924   384 409 415 463 466 495 
2925   383 412 415 434 437 440 459 462 491 
2926   379 408 411 433 440 462 465 490 
2927   382 404 436 458 465 490 
2928   378 407 410 429 432 461 
2929   349 374 378 399 403 410 428 432 435 457 
2930   381 410 424 435 
2931   348 377 406 431 435 460 
2932   344 348 369 373 377 394 398 402 423 427 431 456 460 
2933   394 423 
2934   
2935   
2936   
2937   
2938   
2939   
2940   
2941   
2942   
2943   
2944   
2945   
2946   
2947   
2948   
2949   
2950   
2951   
2952   
2953   
2954   
2955   
2956   
2957   
2958   
2959   
2960   
2961   
2962   
2963   
2964   
2965   
2966   
2967   
2968   
2969   
2970   522 523 524 
2971   519 520 521 
2972   517 518 
2973   488 489 514 516 
2974   487 512 513 515 
2975   484 485 486 509 510 511 
2976   454 482 483 508 510 
2977   453 478 479 481 504 506 507 
2978   449 451 452 477 480 503 505 
2979   448 450 474 476 502 505 
2980   419 447 450 472 473 475 498 499 501 
2981   418 444 446 469 472 475 497 500 
2982   414 417 442 443 445 446 468 471 494 
2983   413 439 442 445 464 467 470 493 496 
2984   384 413 416 438 441 470 492 
2985   409 412 434 441 463 466 491 495 
2986   383 408 415 437 459 491 
2987   379 404 408 411 415 433 440 458 462 465 
2988   382 404 407 411 429 436 440 461 465 490 
2989   349 378 407 432 461 490 
2990   374 399 403 428 457 
2991   381 410 424 435 
2992   344 348 373 377 381 402 406 410 431 435 
2993   369 398 427 456 460 
2994   
2995   
2996   
2997   
2998   
2999   
3000   
3001   
3002   
3003   
3004   
3005   
3006   
3007   
3008   
3009   
3010   
3011   
3012   
3013   
3014   
3015   
3016   
3017   
3018   
3019   
3020   
3021   
3022   
3023   
3024   
3025   
3026   
3027   
3028   
3029   524 
3030   522 523 
3031   519 521 
3032   518 520 
3033   489 514 516 517 
3034   487 488 513 515 
3035   484 486 509 511 512 
3036   454 483 485 508 
3037   453 479 481 482 504 507 510 
3038   452 478 480 503 506 
3039   449 451 474 477 502 505 
3040   419 448 451 473 476 499 501 
3041   444 447 450 469 472 498 501 
3042   418 443 446 468 475 494 497 500 
3043   414 417 439 471 493 
3044   413 438 442 445 464 467 492 496 
3045   384 409 416 438 463 470 492 495 
3046   412 434 441 459 466 495 
3047   379 383 408 412 433 437 462 466 491 
3048   404 415 429 458 
3049   382 411 436 440 465 
3050   349 374 378 382 399 403 407 411 428 432 436 440 457 461 465 490 
3051   399 424 428 457 
3052   
3053   
3054   
3055   
3056   
3057   
3058   
3059   
3060   
3061   
3062   
3063   
3064   
3065   
3066   
3067   
3068   
3069   
3070   
3071   
3072   
3073   
3074   
3075   
3076   
3077   
3078   
3079   
3080   
3081   
3082   
3083   
3084   
3085   
3086   
3087   
3088   
3089   524 
3090   523 
3091   519 521 522 
3092   518 520 
3093   489 514 517 
3094   487 488 513 516 
3095   484 486 509 512 515 
3096   483 485 508 511 
3097   454 479 482 507 510 
3098   453 478 481 504 506 
3099   449 452 474 477 480 503 
3100   448 451 473 480 499 502 505 
3101   419 444 447 450 476 498 501 
3102   418 443 447 450 469 472 475 494 497 501 
3103   414 439 446 468 493 500 
3104   417 439 442 446 464 471 493 496 500 
3105   384 413 438 445 467 
3106   409 416 434 441 445 459 463 470 492 
3107   383 412 437 441 466 470 495 
3108   379 404 408 433 462 491 
3109   404 415 429 458 
3110   382 411 415 440 
3111   349 374 378 403 407 432 436 461 465 490 
3112   
3113   
3114   
3115   
3116   
3117   
3118   
3119   
3120   
3121   
3122   
3123   
3124   
3125   
3126   
3127   
3128   
3129   
3130   
3131   
3132   
3133   
3134   
3135   
3136   
3137   
3138   
3139   
3140   
3141   
3142   
3143   
3144   
3145   
3146   
3147   
3148   
3149   524 
3150   523 
3151   519 522 
3152   518 520 521 
3153   489 514 517 
3154   488 513 516 
3155   484 487 509 512 515 
3156   483 486 511 
3157   454 479 482 485 508 511 
3158   453 478 481 504 507 510 
3159   449 452 474 503 506 
3160   448 477 480 499 502 
3161   419 444 451 473 476 498 505 
3162   418 447 469 472 476 494 501 
3163   414 443 450 468 475 497 
3164   439 446 464 475 493 500 
3165   413 417 442 467 471 496 
3166   384 409 413 434 438 463 467 492 496 
3167   416 445 459 
3168   379 383 408 412 416 437 441 445 462 466 470 491 495 
3169   404 408 429 433 437 458 462 466 491 495 
3170   
3171   
3172   
3173   
3174   
3175   
3176   
3177   
3178   
3179   
3180   
3181   
3182   
3183   
3184   
3185   
3186   
3187   
3188   
3189   
3190   
3191   
3192   
3193   
3194   
3195   
3196   
3197   
3198   
3199   
3200   
3201   
3202   
3203   
3204   
3205   
3206   
3207   
3208   524 
3209   524 
3210   523 
3211   519 522 
3212   518 521 
3213   489 514 517 520 
3214   488 513 516 
3215   484 487 509 512 
3216   483 486 515 
3217   454 479 508 511 
3218   453 482 485 504 507 510 
3219   449 452 478 481 503 
3220   452 474 477 499 506 
3221   419 444 448 451 473 480 502 505 
3222   469 476 494 498 505 
3223   418 443 447 472 497 501 
3224   414 439 450 464 468 493 
3225   417 442 446 450 471 475 500 
3226   384 409 413 438 442 467 471 496 500 
3227   434 459 463 492 
3228   416 445 
3229   379 383 412 441 470 
3230   
3231   
3232   
3233   
3234   
3235   
3236   
3237   
3238   
3239   
3240   
3241   
3242   
3243   
3244   
3245   
3246   
3247   
3248   
3249   
3250   
3251   
3252   
3253   
3254   
3255   
3256   
3257   
3258   
3259   
3260   
3261   
3262   
3263   
3264   
3265   
3266   
3267   
3268   524 
3269   
3270   523 
3271   519 522 
3272   489 518 521 
3273   514 517 520 
3274   488 513 520 
3275   484 487 509 516 
3276   483 512 515 
3277   454 479 486 508 
3278   453 482 504 507 511 
3279   449 478 485 503 510 
3280   452 474 481 499 506 510 
3281   419 448 473 477 502 
3282   444 451 469 480 498 
3283   418 447 451 472 476 480 494 501 505 
3284   414 439 443 468 497 
3285   450 464 493 
3286   417 446 450 475 
3287   384 409 413 434 438 442 459 463 467 471 492 496 500 
3288   
3289   
3290   
3291   
3292   
3293   
3294   
3295   
3296   
3297   
3298   
3299   
3300   
3301   
3302   
3303   
3304   
3305   
3306   
3307   
3308   
3309   
3310   
3311   
3312   
3313   
3314   
3315   
3316   
3317   
3318   
3319   
3320   
3321   
3322   
3323   
3324   
3325   
3326   
3327   
3328   524 
3329   523 
3330   519 
3331   522 
3332   489 518 521 
3333   514 521 
3334   488 513 517 520 
3335   484 509 516 
3336   483 487 512 
3337   454 479 486 508 515 
3338   482 486 504 511 
3339   449 453 478 485 503 507 
3340   474 485 499 510 
3341   419 448 452 477 481 506 510 
3342   419 444 469 473 498 502 
3343   451 480 494 
3344   414 418 443 447 472 476 501 505 
3345   439 464 468 493 497 501 
3346   
3347   
3348   
3349   
3350   
3351   
3352   
3353   
3354   
3355   
3356   
3357   
3358   
3359   
3360   
3361   
3362   
3363   
3364   
3365   
3366   
3367   
3368   
3369   
3370   
3371   
3372   
3373   
3374   
3375   
3376   
3377   
3378   
3379   
3380   
3381   
3382   
3383   
3384   
3385   
3386   
3387   
3388   524 
3389   523 
3390   519 
3391   522 
3392   489 518 
3393   514 521 
3394   488 513 517 
3395   484 509 520 
3396   487 512 516 
3397   454 479 483 508 
3398   486 504 515 
3399   449 453 478 482 507 511 
3400   474 485 499 503 
3401   452 481 485 510 
3402   419 444 448 469 473 477 498 502 506 
3403   494 
3404   414 418 447 451 476 480 505 
3405   
3406   
3407   
3408   
3409   
3410   
3411   
3412   
3413   
3414   
3415   
3416   
3417   
3418   
3419   
3420   
3421   
3422   
3423   
3424   
3425   
3426   
3427   
3428   
3429   
3430   
3431   
3432   
3433   
3434   
3435   
3436   
3437   
3438   
3439   
3440   
3441   
3442   
3443   
3444   
3445   
3446   
3447   524 
3448   
3449   523 
3450   519 
3451   522 
3452   489 514 518 
3453   514 521 
3454   488 517 
3455   484 509 513 520 
3456   487 516 520 
3457   454 479 483 508 512 
3458   504 
3459   453 478 482 486 507 511 515 
3460   449 474 499 503 
3461   
3462   419 444 448 452 473 477 481 485 502 506 510 
3463   469 498 
3464   
3465   
3466   
3467   
3468   
3469   
3470   
3471   
3472   
3473   
3474   
3475   
3476   
3477   
3478   
3479   
3480   
3481   
3482   
3483   
3484   
3485   
3486   
3487   
3488   
3489   
3490   
3491   
3492   
3493   
3494   
3495   
3496   
3497   
3498   
3499   
3500   
3501   
3502   
3503   
3504   
3505   
3506   
3507   524 
3508   
3509   523 
3510   519 
3511   
3512   489 514 518 522 
3513   
3514   488 517 521 
3515   484 509 513 
3516   516 520 
3517   454 479 483 487 508 512 
3518   504 
3519   453 486 515 
3520   449 474 478 482 499 503 507 511 
3521   
3522   
3523   
3524   
3525   
3526   
3527   
3528   
3529   
3530   
3531   
3532   
3533   
3534   
3535   
3536   
3537   
3538   
3539   
3540   
3541   
3542   
3543   
3544   
3545   
3546   
3547   
3548   
3549   
3550   
3551   
3552   
3553   
3554   
3555   
3556   
3557   
3558   
3559   
3560   
3561   
3562   
3563   
3564   
3565   
3566   
3567   524 
3568   
3569   519 523 
3570   519 
3571   
3572   489 514 518 522 
3573   
3574   488 517 521 
3575   484 509 513 
3576   
3577   454 483 487 512 516 520 
3578   
3579   
3580   
3581   
3582   
3583   
3584   
3585   
3586   
3587   
3588   
3589   
3590   
3591   
3592   
3593   
3594   
3595   
3596   
3597   
3598   
3599